TDRS 3                  
1 19548U 88091B   17045.42516854 -.00000312  00000-0  00000+0 0  9991
2 19548  14.8760   9.4220 0039930 309.7935 276.1345  1.00267875 91174
SKYNET 4C               
1 20776U 90079A   17041.56437241  .00000109  00000-0  00000-0 0  9992
2 20776  13.7690  17.3891 0004142 302.8992  57.0927  1.00274543 96699
TDRS 5                  
1 21639U 91054B   17045.42721904  .00000074  00000-0  00000+0 0  9996
2 21639  14.2947  22.7272 0025550 334.3689 133.6169  1.00275476 93514
TDRS 6                  
1 22314U 93003B   17045.09874454 -.00000306  00000-0  00000+0 0  9994
2 22314  13.8120  25.6354 0007916 291.7299 176.6998  1.00275509 88186
INTELSAT 701 (IS-701)   
1 22871U 93066A   17044.85647003 -.00000237  00000-0  00000-0 0  9996
2 22871   3.9638  67.6873 0004397 253.7806 101.3990  1.00272186 85218
ASTRA 1D                
1 23331U 94070A   17044.41071584 -.00000305  00000-0  00000+0 0  9996
2 23331   7.3740  50.1994 0003774 266.5431 287.4374  1.00271405 81960
BRASILSAT B2            
1 23536U 95016A   17045.43125083 -.00000295  00000-0  00000+0 0  9999
2 23536   7.0008  52.0416 0002803 290.5827 249.2535  1.00272313 80120
AMSC 1                  
1 23553U 95019A   17044.00311378 -.00000132  00000-0  00000+0 0  9997
2 23553   9.9250  40.9882 0003390 280.4880  79.5589  1.00272445 79960
TDRS 7                  
1 23613U 95035B   17045.60226404 -.00000213  00000-0  00000+0 0  9994
2 23613  14.9301  16.4371 0022752  17.3183  52.7314  1.00273319 78966
ECHOSTAR 1              
1 23754U 95073A   17044.54644396 -.00000262  00000-0  00000+0 0  9992
2 23754   0.5535  90.9641 0003374 260.6492 271.5897  1.00272202 77241
INMARSAT 3-F1           
1 23839U 96020A   17045.60727017 -.00000010  00000-0  00000+0 0  9990
2 23839   3.7520  68.0853 0006016 258.5492 101.2572  1.00271048 76433
ASTRA 1F                
1 23842U 96021A   17044.92486463  .00000118  00000-0  00000-0 0  9995
2 23842   0.0563 306.1312 0004090  17.1220 198.0907  1.00271796 18159
MSAT M1                 
1 23846U 96022A   17045.03630835 -.00000101  00000-0  00000+0 0  9999
2 23846   7.5651  49.7350 0005424 272.6433  87.4209  1.00272720 76249
INMARSAT 3-F2           
1 24307U 96053A   17045.36242469 -.00000144  00000-0  00000+0 0  9991
2 24307   2.3780  78.3500 0007739 238.6668 302.5021  1.00271368 74839
AMC-1 (GE-1)            
1 24315U 96054A   17045.19721387  .00000039  00000-0  00000+0 0  9995
2 24315   1.3134  85.7307 0003072 234.9385 125.5439  1.00272637 74834
AFRICASAT-2 (MEASAT-2)  
1 24653U 96063B   17044.88401448 -.00000244  00000-0  00000-0 0  9998
2 24653   7.2952  50.6203 0009464 198.3082   1.4000  1.00273130 74268
EUTELSAT 48A            
1 24665U 96067A   17045.16171095  .00000097  00000-0  00000+0 0  9993
2 24665   6.1554  55.9368 0006260 274.3558 280.5020  1.00275090 74484
INMARSAT 3-F3           
1 24674U 96070A   17045.40485519  .00000018  00000-0  00000+0 0  9996
2 24674   3.1920  72.3813 0005339 255.6099 140.4286  1.00272738 73779
AMC-2 (GE-2)            
1 24713U 97002A   17045.56043840 -.00000229  00000-0  00000+0 0  9995
2 24713   4.1099  66.6035 0005208 260.7392 294.3056  1.00272170 24131
INTELSAT 26 (IS-26)     
1 24732U 97007A   17045.15417221 -.00000013  00000-0  00000+0 0  9995
2 24732   7.2707  50.9326 0002945 287.0190 286.1387  1.00271081 73088
GALAXY 25 (G-25)        
1 24812U 97026A   17043.86102863 -.00000185  00000-0  00000-0 0  9995
2 24812   0.0137  78.2351 0003502 249.4658  32.2402  1.00272657 72163
ABS-3                   
1 24901U 97042A   17045.03416752 -.00000210  00000-0  00000+0 0  9996
2 24901   4.6638  63.9812 0008970 270.5335 267.2869  1.00272608 71333
INTELSAT 5 (IS-5)       
1 24916U 97046A   17045.36226940 -.00000160  00000-0  00000+0 0  9994
2 24916   3.3073  71.7224 0004030 241.3902 118.8485  1.00271899 71427
METEOSAT-7              
1 24932U 97049B   17045.54435911  .00000035  00000-0  00000+0 0  9995
2 24932  10.5102  38.3551 0001536 292.1445  67.9100  1.00271616 71238
AMC-3 (GE-3)            
1 24936U 97050A   17045.34353530 -.00000279  00000-0  00000+0 0  9996
2 24936   0.1233  92.0754 0002848 231.3177 232.7932  1.00272393 71258
NSS-5                   
1 24957U 97053A   17045.16123478  .00000090  00000-0  00000+0 0  9998
2 24957   3.6025  69.9367 0003894 259.1783 283.7604  1.00270279 71044
ECHOSTAR 3              
1 25004U 97059A   17044.99669829 -.00000303  00000-0  00000+0 0  9991
2 25004   1.9059  80.8124 0002150 279.2852  81.0942  1.00270577 70957
JCSAT-1B                
1 25067U 97075A   17045.65840601 -.00000224  00000-0  00000+0 0  9993
2 25067   5.3481  59.6828 0006813 247.7656 224.4179  1.00271718 70368
ASTRA 1G                
1 25071U 97076A   17045.16330066  .00000098  00000-0  00000+0 0  9992
2 25071   2.0735  78.8731 0000699 302.4932 233.9152  1.00123621 70340
BRASILSAT B3            
1 25152U 98006A   17043.97006460 -.00000305  00000-0  00000+0 0  9993
2 25152   3.7978  68.9795 0001716 248.7891 111.4398  1.00272200 69724
INMARSAT 3-F5           
1 25153U 98006B   17045.36985039 -.00000306  00000-0  00000+0 0  9998
2 25153   2.3324  74.4225 0004819 254.5161 254.7674  1.00271296 69695
NSS-806                 
1 25239U 98014A   17044.41071584 -.00000301  00000-0  00000+0 0  9993
2 25239   0.0696 318.9903 0005046   9.2037 275.7656  1.00269804 69455
CHINASAT 5A (ZX 5A)     
1 25354U 98033A   17045.76784084 -.00000371  00000-0  00000+0 0  9994
2 25354   0.9864  87.9897 0005241 198.2496 260.6756  1.00271597 73056
THOR III                
1 25358U 98035A   17043.78147101 -.00000064  00000-0  00000-0 0  9993
2 25358   5.2085  59.8659 0002567 268.7510  91.4134  1.00273000 68645
INTELSAT 805 (IS-805)   
1 25371U 98037A   17044.82223699 -.00000052  00000-0  00000-0 0  9990
2 25371   0.0586 281.6404 0003362  52.4465 274.9127  1.00272658 68359
ASTRA 2A                
1 25462U 98050A   17045.71185507 -.00000377  00000-0  00000+0 0  9999
2 25462   0.1069 261.2259 0002278  70.0232 183.3757  1.00270071 67552
AFRISTAR                
1 25515U 98063A   17045.13924222  .00000105  00000-0  00000+0 0  9991
2 25515   3.0623  70.0598 0004209 256.1211 249.2444  1.00271176 66934
JCSAT-4A                
1 25630U 99006A   17045.60416741 -.00000175  00000-0  00000+0 0  9999
2 25630   2.0446  80.6718 0001980 241.0202 122.5295  1.00273587 65801
SKYNET 4E               
1 25639U 99009B   17044.76591226  .00000008  00000-0  00000-0 0  9994
2 25639  10.0218  29.5661 0002866 297.6506  98.5035  1.00276146 17202
ASIASAT 3S              
1 25657U 99013A   17044.82750109 -.00000257  00000-0  00000-0 0  9990
2 25657   2.2581  78.8797 0003417 236.9958 272.0756  1.00270258 65621
NIMIQ 1                 
1 25740U 99027A   17045.49699167 -.00000217  00000-0  00000+0 0  9993
2 25740   0.0156 291.4903 0005845  41.4023 264.1710  1.00271110 65012
ASTRA 1H                
1 25785U 99033A   17045.73798347  .00000121  00000-0  00000+0 0  9999
2 25785   3.5876  70.0880 0003247 251.6445 132.3190  1.00271399 64601
TELKOM 1                
1 25880U 99042A   17045.76396029 -.00000363  00000-0  00000+0 0  9998
2 25880   0.0349 226.3032 0001594 135.9754 165.6804  1.00275340 64161
ABS-7                   
1 25894U 99046A   17045.84217910 -.00000380  00000-0  00000+0 0  9996
2 25894   0.0486 265.0161 0002054  85.2267 214.0645  1.00273144 62956
ABS-6                   
1 25924U 99053A   17045.15714207 -.00000139  00000-0  00000+0 0  9995
2 25924   0.0599 283.7422 0002108  37.3812  38.8260  1.00273956 63683
TELSTAR 12 (ORION 2)    
1 25949U 99059A   17045.33999885 -.00000082  00000-0  00000+0 0  9992
2 25949   0.6776  89.3173 0003223 240.1586 188.2305  1.00272235 63338
AMC-4 (GE-4)            
1 25954U 99060A   17044.78616702 -.00000293  00000-0  00000-0 0  9997
2 25954   0.0270 332.2315 0001932  56.0830 331.6600  1.00270802  9538
GALAXY 11 (G-11)        
1 26038U 99071A   17045.15941590  .00000117  00000-0  00000+0 0  9994
2 26038   0.0127  63.8065 0001480 322.3158 220.5880  1.00271026 62907
HISPASAT 1C             
1 26071U 00007A   17045.22769409 -.00000232  00000-0  00000+0 0  9996
2 26071   0.3108  87.8786 0008270 263.3543 151.3586  1.00271668 62443
SUPERBIRD-B2            
1 26095U 00012A   17045.83563370 -.00000111  00000-0  00000+0 0  9990
2 26095   0.1420  98.4490 0003125 229.0467 280.3080  1.00271687 62243
ASIASTAR                
1 26107U 00016A   17045.69145565 -.00000351  00000-0  00000+0 0  9990
2 26107   1.4232  82.1802 0004503 247.9612 168.6556  1.00270239 61967
EUTELSAT 16C            
1 26243U 00019A   17044.77874601  .00000071  00000-0  00000+0 0  9990
2 26243   4.0362  66.9631 0003472 261.3665 110.4659  1.00273826 61596
EUTELSAT 36A            
1 26369U 00028A   17045.08876334 -.00000161  00000-0  00000+0 0  9990
2 26369   0.7595  84.7854 0002127 232.8919 299.0640  1.00272303 61281
TDRS 8                  
1 26388U 00034A   17045.50899983 -.00000242  00000-0  00000+0 0  9990
2 26388   7.2864  56.8968 0008714 224.8115 135.2523  1.00265510 60985
ECHOSTAR 6              
1 26402U 00038A   17045.50524596 -.00000166  00000-0  00000+0 0  9991
2 26402   3.9535  67.7616 0003870 258.6220 263.9782  1.00272580 60724
INTELSAT 9 (IS-9)       
1 26451U 00043A   17045.18422793 -.00000291  00000-0  00000+0 0  9990
2 26451   3.2936  71.9544 0003093 251.3454 204.2863  1.00272932 60650
BRASILSAT B4            
1 26469U 00046A   17044.09694179 -.00000192  00000-0  00000+0 0  9990
2 26469   1.4052  85.7801 0003327 256.8213 103.5840  1.00272070 60435
NILESAT 102             
1 26470U 00046B   17045.28911889 -.00000079  00000-0  00000+0 0  9998
2 26470   1.4256  84.2144 0005870 236.7353 280.5743  1.00272497 60446
ASTRA 2B                
1 26494U 00054A   17044.95027052  .00000099  00000-0  00000-0 0  9998
2 26494   1.9605  79.5061 0004702 258.8882 167.2302  1.00274313 12690
AMC-7 (GE-7)            
1 26495U 00054B   17043.97708930  .00000065  00000-0  00000+0 0  9993
2 26495   0.0697 281.2914 0002638 261.4271 177.2429  1.00269528 60055
NSS-11 (AAP-1)          
1 26554U 00059A   17045.76388003 -.00000363  00000-0  00000+0 0  9990
2 26554   0.0644 284.1308 0001932  80.2443 163.7349  1.00269642 59984
N-SAT-110 (JCSAT-110)   
1 26559U 00060A   17045.89170712 -.00000369  00000-0  00000+0 0  9993
2 26559   0.0221  97.9543 0001156 355.1404 123.0434  1.00272132 59926
AMC-6 (GE-6)            
1 26580U 00067A   17044.98381289 -.00000293  00000-0  00000+0 0  9992
2 26580   0.0528 296.0040 0002675  14.2576 121.0756  1.00271019 59797
INTELSAT 12 (IS-12)     
1 26590U 00068A   17045.82131455  .00000119  00000-0  00000+0 0  9992
2 26590   0.2268  95.2732 0003063 243.8688 146.5074  1.00271337 59613
INTELSAT 1R (IS-1R)     
1 26608U 00072A   17045.08381441 -.00000197  00000-0  00000+0 0  9994
2 26608   0.0666  97.5768 0000992 187.4926 165.3366  1.00005800 59469
ANIK F1                 
1 26624U 00076A   17044.89778211 -.00000095  00000-0  00000+0 0  9996
2 26624   0.0166 145.8405 0000932 221.3194 352.8056  1.00272260 59539
ASTRA 2D                
1 26638U 00081A   17045.63566333  .00000049  00000-0  00000+0 0  9998
2 26638   3.4124  70.6249 0001963 254.9128 105.3391  1.00270432 59206
AMC-8 (GE-8)            
1 26639U 00081B   17045.45134741  .00000085  00000-0  00000+0 0  9993
2 26639   0.0209  50.5021 0002212 275.3712 202.2414  1.00273772 59082
SKYNET 4F               
1 26695U 01005B   17044.91226284 -.00000264  00000-0  00000-0 0  9997
2 26695   8.7559  37.5185 0003609 298.6499 102.4018  1.00273720 58694
EUTELSAT 33C            
1 26719U 01011A   17044.84673413  .00000135  00000-0  00000-0 0  9999
2 26719   0.0692 346.0600 0005883 345.9091 149.9513  1.00271863 58359
INTELSAT 10 (IS-10)     
1 26766U 01019A   17045.16153941  .00000106  00000-0  00000+0 0  9991
2 26766   1.2610  85.8379 0003833 213.1699 310.9692  1.00271975 57731
INTELSAT 901 (IS-901)   
1 26824U 01024A   17045.29493115 -.00000161  00000-0  00000+0 0  9998
2 26824   0.0209 264.8435 0002594  74.5587 253.2627  1.00269625 57407
ASTRA 2C                
1 26853U 01025A   17045.16035021  .00000027  00000-0  00000+0 0  9995
2 26853   0.1405  90.1853 0003779 237.6164 294.5516  1.00272748 57383
ARTEMIS                 
1 26863U 01029A   17044.82597608 -.00000384  00000-0  00000-0 0  9994
2 26863  12.5992  34.3498 0003154 320.2405 209.7138  1.00267136  9954
INTELSAT 902 (IS-902)   
1 26900U 01039A   17045.74492670  .00000015  00000-0  00000+0 0  9991
2 26900   0.0238  92.4062 0002864 239.1450 143.5326  1.00271762 56583
EUTELSAT 8 WEST A       
1 26927U 01042A   17044.89978701 -.00000121  00000-0  00000-0 0  9993
2 26927   0.0763  48.3087 0007416 274.8354 132.3538  1.00271919 56326
DIRECTV 4S              
1 26985U 01052A   17045.51853573 -.00000133  00000-0  00000+0 0  9999
2 26985   0.0340 288.7692 0002357  45.0783 256.3373  1.00272794 55804
INSAT-3C                
1 27298U 02002A   17045.70515135 -.00000277  00000-0  00000+0 0  9992
2 27298   0.3667  92.5512 0002875 297.4751  99.0860  1.00405850 55176
ECHOSTAR 7              
1 27378U 02006A   17045.38642684 -.00000020  00000-0  00000+0 0  9995
2 27378   0.0561 295.1587 0000996  26.4712 203.2335  1.00271233 54875
INTELSAT 904 (IS-904)   
1 27380U 02007A   17045.16035021  .00000029  00000-0  00000+0 0  9994
2 27380   0.0099 133.3967 0001663 123.6615   5.0001  1.00273620 54895
TDRS 9                  
1 27389U 02011A   17045.29666715 -.00000118  00000-0  00000+0 0  9992
2 27389   4.9975  80.6660 0023077 238.0496 280.5120  1.00271395 56245
JCSAT 2A                
1 27399U 02015A   17045.77534590 -.00000325  00000-0  00000+0 0  9995
2 27399   0.2214  94.2828 0003039 173.2889 292.5096  1.00270933 54431
ASTRA 3A                
1 27400U 02015B   17045.36500205 -.00000296  00000-0  00000+0 0  9996
2 27400   3.5789  69.2973 0011760  21.0836 138.4121  1.00350098 54520
INTELSAT 903 (IS-903)   
1 27403U 02016A   17045.42706806 -.00000258  00000-0  00000+0 0  9990
2 27403   0.0132  97.5226 0003199 226.2102 300.0978  1.00271040 54452
NSS-7                   
1 27414U 02019A   17044.88910300 -.00000176  00000-0  00000+0 0  9999
2 27414   1.6391  83.7549 0002653 249.5232 110.8804  1.00272041 54366
DIRECTV 5 (TEMPO 1)     
1 27426U 02023A   17044.90550930 -.00000076  00000-0  00000+0 0  9998
2 27426   0.0201 127.9859 0003498 199.4561  32.5364  1.00270269 54117
INTELSAT 905 (IS-905)   
1 27438U 02027A   17044.92900014 -.00000205  00000-0  00000-0 0  9994
2 27438   0.0273 234.7959 0002976  74.9635 144.2880  1.00273037 17171
EXPRESS-A4              
1 27441U 02029A   17044.82750109 -.00000265  00000-0  00000-0 0  9993
2 27441   5.8528  57.3227 0001070 236.8256 293.0999  1.00272354 53771
GALAXY 3C (G-3C)        
1 27445U 02030A   17043.86653787 -.00000174  00000-0  00000+0 0  9994
2 27445   0.0122  93.9655 0002068 238.6536  27.3700  1.00268949 53753
EUTELSAT 5 WEST A       
1 27460U 02035A   17044.61425475 -.00000064  00000-0  00000-0 0  9990
2 27460   0.0449   5.4236 0006177 316.9845  37.5123  1.00271498 53433
N-STAR C                
1 27461U 02035B   17044.89253279 -.00000330  00000-0  00000-0 0  9998
2 27461   4.4025  65.5151 0002364 269.5851 266.2810  1.00269117 53539
ECHOSTAR 8              
1 27501U 02039A   17044.42665097 -.00000264  00000-0  00000+0 0  9996
2 27501   0.8332  89.1467 0003242 240.1785 250.9760  1.00271340 53078
EUTELSAT 12 WEST A      
1 27508U 02040A   17043.70286352 -.00000268  00000-0  00000-0 0  9993
2 27508   0.0795  43.3083 0006316 304.9614  11.6778  1.00271710 52993
METEOSAT-8 (MSG-1)      
1 27509U 02040B   17045.67214660  .00000124  00000-0  00000+0 0  9994
2 27509   4.6293  58.8219 0000554 237.0516 132.2964  1.00267811 53067
INTELSAT 906 (IS-906)   
1 27513U 02041A   17044.64721266 -.00000007  00000-0  00000+0 0  9992
2 27513   0.0227 130.5021 0003083 213.6218  96.8851  1.00270858 52779
KODAMA (DRTS)           
1 27516U 02042B   17045.03447221 -.00000258  00000-0  00000+0 0  9994
2 27516   4.8200  62.7806 0003019 278.2506 266.3436  1.00270361 52859
KALPANA-1 (METSAT 1)    
1 27525U 02043A   17044.55327951 -.00000095  00000-0  00000+0 0  9997
2 27525   6.1439  56.0525 0015776 231.7565 128.2658  1.00272911 52848
HISPASAT 1D             
1 27528U 02044A   17044.85647003 -.00000237  00000-0  00000-0 0  9996
2 27528   0.0515 295.9849 0006347  34.9401  91.4517  1.00273444  8611
TDRS 10                 
1 27566U 02055A   17045.24708342  .00000062  00000-0  00000+0 0  9992
2 27566   4.8216  58.9663 0012417 225.5836 134.5242  1.00277705 52032
NSS-6                   
1 27603U 02057A   17045.90220639 -.00000287  00000-0  00000+0 0  9997
2 27603   0.0125 135.9554 0002711 184.8234 244.1184  1.00270033 51906
NIMIQ 2                 
1 27632U 02062A   17044.57715927 -.00000264  00000-0  00000-0 0  9992
2 27632   1.7355  82.6058 0004414 340.9555  19.4422  1.00272659 10012
INTELSAT 907 (IS-907)   
1 27683U 03007A   17042.68213146 -.00000228  00000-0  00000+0 0  9993
2 27683   0.0180 128.2054 0003570 211.8013  19.9793  1.00269467 51177
INSAT-3A                
1 27714U 03013A   17045.49257331 -.00000247  00000-0  00000+0 0  9992
2 27714   0.8976  88.7079 0016773 228.8528 296.2773  0.99803248 50757
GALAXY 12 (G-12)        
1 27715U 03013B   17044.64946715  .00000038  00000-0  00000-0 0  9998
2 27715   0.0611 263.6975 0001993  67.0989 277.8301  1.00272433 17942
ASIASAT 4               
1 27718U 03014A   17044.82566516 -.00000381  00000-0  00000-0 0  9991
2 27718   0.0049 177.2607 0002379  78.1832 307.9209  1.00272709 50722
HELLAS-SAT 2            
1 27811U 03020A   17045.15957854  .00000132  00000-0  00000+0 0  9990
2 27811   0.0111 148.6272 0004117 181.5697 270.6097  1.00269413 50141
AMC-9 (GE-12)           
1 27820U 03024A   17045.56012035 -.00000235  00000-0  00000+0 0  9997
2 27820   0.0405 279.9055 0002714  39.3325 304.1318  1.00271275 50141
THURAYA-2               
1 27825U 03026A   17044.83759803  .00000112  00000-0  00000+0 0  9997
2 27825   4.8101  28.6705 0005373 289.4278 171.4565  1.00273794 50159
OPTUS C1                
1 27831U 03028B   17045.75256375 -.00000166  00000-0  00000+0 0  9994
2 27831   0.0368 196.3760 0002708 126.3862 249.0846  1.00271948 50131
ECHOSTAR 12 (RAINBOW 1) 
1 27852U 03033A   17045.42566072 -.00000302  00000-0  00000+0 0  9997
2 27852   0.0571 293.3320 0002161 358.8904 304.3851  1.00274891 49782
GALAXY 23 (G-23)        
1 27854U 03034A   17045.38736034 -.00000006  00000-0  00000+0 0  9993
2 27854   0.0187 100.3388 0003022 234.4312 188.2597  1.00271597 54352
EUTELSAT 33A            
1 27948U 03043A   17044.90240635  .00000132  00000-0  00000-0 0  9991
2 27948   2.1225  78.9193 0002447 232.1936 188.6822  1.00271395 11289
GALAXY 13 (HORIZONS-1)  
1 27954U 03044A   17045.24789001  .00000028  00000-0  00000+0 0  9995
2 27954   0.0089 114.3736 0001474 181.7921 170.4980  1.00275212 48962
ZHONGXING-20            
1 28082U 03052A   17045.91513787 -.00000342  00000-0  00000+0 0  9997
2 28082   3.2672  71.9232 0006371 254.9553 250.8501  1.00267163 48577
YAMAL 202               
1 28089U 03053A   17045.60127738  .00000101  00000-0  00000+0 0  9990
2 28089   0.0528  96.1544 0003561 245.1704  68.9007  1.00270276 48491
AMOS-2                  
1 28132U 03059A   17044.79284250 -.00000056  00000-0  00000-0 0  9998
2 28132   0.4680  90.6950 0003805 241.5739  93.0640  1.00271724 48134
EXPRESS-AM22 (SESAT 2)  
1 28134U 03060A   17045.08876334 -.00000157  00000-0  00000+0 0  9996
2 28134   0.1916  89.6183 0001222 290.6414 236.0553  1.00272105 48076
AMC-10 (GE-10)          
1 28154U 04003A   17045.44873097  .00000069  00000-0  00000+0 0  9990
2 28154   0.0628 283.1237 0001475  86.4604 161.5707  1.00274323 47740
ABS-4 (MOBISAT-1)       
1 28184U 04007A   17045.60193078  .00000022  00000-0  00000+0 0  9998
2 28184   0.0197 239.0960 0001937  89.0762  94.2935  1.00273763 47397
EUTELSAT 7A             
1 28187U 04008A   17045.13892969  .00000028  00000-0  00000+0 0  9991
2 28187   0.0743 331.8332 0003603 344.4444 245.0712  1.00274813 47383
DIRECTV 7S              
1 28238U 04016A   17045.13728853 -.00000019  00000-0  00000+0 0  9998
2 28238   0.0426 306.5804 0002869  25.7767 102.2975  1.00271939 46875
AMC-11 (GE-11)          
1 28252U 04017A   17045.37612157  .00000050  00000-0  00000+0 0  9994
2 28252   0.0425 305.1910 0003096  41.8210 161.9358  1.00272998 46512
INTELSAT 10-02          
1 28358U 04022A   17045.11042957 -.00000031  00000-0  00000+0 0  9994
2 28358   0.0135 137.2244 0000436 116.7948 289.0410  1.00275741 46437
APSTAR 5 (TELSTAR 18)   
1 28364U 04024A   17044.69909089 -.00000315  00000-0  00000+0 0  9998
2 28364   0.0220  95.3405 0002699 229.0527 209.1615  1.00270940 46353
ANIK F2                 
1 28378U 04027A   17045.33994550 -.00000069  00000-0  00000+0 0  9991
2 28378   0.0183  40.5863 0000233 329.9297 145.2971  1.00272118 46165
AMAZONAS 1              
1 28393U 04031A   17045.09110483 -.00000266  00000-0  00000+0 0  9990
2 28393   1.4971  84.3616 0005307 249.7178 166.7865  1.00273067 45936
AMC-15                  
1 28446U 04041A   17045.50602866 -.00000108  00000-0  00000+0 0  9992
2 28446   0.0173 296.7751 0002379  43.1488 241.8884  1.00270477 45195
AMC-16                  
1 28472U 04048A   17045.09128062 -.00000226  00000-0  00000+0 0  9994
2 28472   0.0100 325.7217 0002668   7.4896 118.9038  1.00271152 44624
NSS-10 (AMC-12)         
1 28526U 05003A   17045.09110483 -.00000271  00000-0  00000+0 0  9994
2 28526   0.0548 290.6250 0002999  36.9300 172.0610  1.00272668 44126
XTAR-EUR                
1 28542U 05005A   17044.52014703  .00000129  00000-0  00000-0 0  9991
2 28542   0.0137  98.4123 0003178 240.4377  21.1003  1.00271837 44012
XM-3 (RHYTHM)           
1 28626U 05008A   17045.09145424 -.00000226  00000-0  00000+0 0  9993
2 28626   0.0014 117.1716 0000367 223.5551 111.3584  1.00273122 43877
INMARSAT 4-F1           
1 28628U 05009A   17045.22967055 -.00000279  00000-0  00000+0 0  9991
2 28628   2.8584  10.2556 0003222 322.8459  37.4922  1.00272954 43482
EXPRESS-AM2             
1 28629U 05010A   17045.73009681 -.00000264  00000-0  00000+0 0  9996
2 28629   2.1055  76.9735 0008626  27.5749  70.3147  0.99044918 43514
APSTAR 6                
1 28638U 05012A   17045.49059697 -.00000337  00000-0  00000+0 0  9994
2 28638   0.0174  99.0477 0002362 224.3694 131.8580  1.00272927 68224
SPACEWAY 1              
1 28644U 05015A   17044.55201591 -.00000124  00000-0  00000+0 0  9996
2 28644   0.0416 279.1224 0000219  52.1935 268.2121  1.00272065 43317
DIRECTV 8               
1 28659U 05019A   17043.88257425 -.00000138  00000-0  00000-0 0  9994
2 28659   0.0146  89.7283 0003512 245.6435  24.5740  1.00272371 42944
GALAXY 28 (G-28)        
1 28702U 05022A   17045.06256269 -.00000205  00000-0  00000+0 0  9998
2 28702   0.0147 100.7758 0001793 288.5080  48.4787  1.00271206 42634
EXPRESS-AM3             
1 28707U 05023A   17045.91513787 -.00000339  00000-0  00000+0 0  9997
2 28707   0.0215 155.1705 0001302 208.6810 213.6606  1.00269915 42664
THAICOM 4               
1 28786U 05028A   17045.85135181 -.00000381  00000-0  00000+0 0  9997
2 28786   0.0184 105.9158 0002343 224.3450 240.7267  1.00271824 42130
GALAXY 14 (G-14)        
1 28790U 05030A   17044.49982395  .00000015  00000-0  00000+0 0  9994
2 28790   0.0215 247.2529 0002517  88.6615 222.7374  1.00271695 42101
ANIK F1R                
1 28868U 05036A   17044.61429991 -.00000095  00000-0  00000+0 0  9997
2 28868   0.0119  63.7884 0003011 294.8919 258.9558  1.00272064 41951
GALAXY 15 (G-15)        
1 28884U 05041A   17045.15256564  .00000059  00000-0  00000+0 0  9994
2 28884   0.0519 278.7376 0002064  62.5972  84.9255  1.00272779 41430
SYRACUSE 3A             
1 28885U 05041B   17045.16153941  .00000109  00000-0  00000+0 0  9997
2 28885   0.0140  96.1919 0002483 226.7919 286.4971  1.00271113 41532
INMARSAT 4-F2           
1 28899U 05044A   17044.45287608 -.00000009  00000-0  00000-0 0  9995
2 28899   2.5498  10.1617 0003231 326.5154  33.8959  1.00272714 41328
TELKOM 2                
1 28902U 05046A   17045.81367472 -.00000381  00000-0  00000+0 0  9993
2 28902   0.0197 194.8513 0001023 152.7246 208.3484  1.00272688 41057
SPACEWAY 2              
1 28903U 05046B   17045.32138253 -.00000146  00000-0  00000+0 0  9992
2 28903   0.0127 113.4963 0000434 248.3110 159.3473  1.00269695 41309
INSAT-4A                
1 28911U 05049A   17045.36767929 -.00000185  00000-0  00000+0 0  9999
2 28911   0.0504 280.1694 0006289  23.8322  55.9036  1.00273564 40906
METEOSAT-9 (MSG-2)      
1 28912U 05049B   17045.23733566  .00000042  00000-0  00000+0 0  9997
2 28912   1.9651  70.5087 0000217  23.3220 145.5464  1.00265295 40884
EUTELSAT 172A (GE-23)   
1 28924U 05052A   17045.83103387 -.00000025  00000-0  00000+0 0  9994
2 28924   0.0670  16.7532 0006478 310.5965 288.8046  1.00272152 40794
ECHOSTAR 10             
1 28935U 06003A   17044.50997189 -.00000077  00000-0  00000-0 0  9995
2 28935   0.0532 290.9283 0001057  35.2613 250.9120  1.00272477 40288
HIMAWARI-7 (MTSAT-2)    
1 28937U 06004A   17045.48208735 -.00000262  00000-0  00000+0 0  9993
2 28937   0.0388 264.1308 0003804  64.3334 134.7513  1.00270246 40169
SPAINSAT                
1 28945U 06007A   17044.68346447 -.00000237  00000-0  00000-0 0  9992
2 28945   0.0536 260.5505 0004389  39.1767  60.1928  1.00273180 40028
EUTELSAT HOT BIRD 13E   
1 28946U 06007B   17044.56442565  .00000066  00000-0  00000+0 0  9996
2 28946   0.0496 258.3038 0002989  49.9966  51.6363  1.00274614 40104
JCSAT-5A                
1 29045U 06010A   17045.49055123 -.00000347  00000-0  00000+0 0  9997
2 29045   0.0285 286.5583 0001810  56.6043 110.1447  1.00272538 39758
ASTRA 1KR               
1 29055U 06012A   17044.72664913  .00000099  00000-0  00000-0 0  9992
2 29055   0.0796 278.2461 0003888  10.4558 135.9899  1.00274116 11519
GOES 13                 
1 29155U 06018A   17044.80707788 -.00000272  00000-0  00000+0 0  9999
2 29155   0.3211  99.7233 0003669 307.7151 312.5568  1.00275579 39325
EUTELSAT 113 WEST A     
1 29162U 06020A   17043.91621487 -.00000060  00000-0  00000-0 0  9998
2 29162   0.0198 111.3260 0002798 227.1516  21.4733  1.00272157 39270
THAICOM 5               
1 29163U 06020B   17044.90392735 -.00000142  00000-0  00000-0 0  9991
2 29163   0.0406 277.8076 0005806  41.7267 228.4762  1.00272904 39307
GALAXY 16 (G-16)        
1 29236U 06023A   17044.49408042 -.00000149  00000-0  00000+0 0  9994
2 29236   0.0464 260.7256 0003096  77.8935 243.9172  1.00272463 39064
EUTELSAT HOT BIRD 13B   
1 29270U 06032A   17045.28982067  .00000069  00000-0  00000+0 0  9994
2 29270   0.0781 324.9314 0005867   6.1241 290.7601  1.00283261 38665
JCSAT-3A                
1 29272U 06033A   17044.91787726 -.00000366  00000-0  00000+0 0  9992
2 29272   0.0171 294.7552 0001987  28.6587 279.1256  1.00272705 38566
SYRACUSE 3B             
1 29273U 06033B   17045.16516779 -.00000064  00000-0  00000+0 0  9994
2 29273   0.0237  97.0853 0005823 223.1267 238.3785  1.00272817 38555
KOREASAT 5 (MUGUNGWHA 5)
1 29349U 06034A   17045.71174701 -.00000377  00000-0  00000+0 0  9992
2 29349   0.0109 107.8726 0000734 228.1916 178.0969  1.00271533 38444
ZHONGXING-22A           
1 29398U 06038A   17045.90698091 -.00000335  00000-0  00000+0 0  9998
2 29398   5.5800  58.5388 0007089 230.0390 284.7120  1.00269550 38226
DIRECTV 9S              
1 29494U 06043A   17045.51853573 -.00000133  00000-0  00000+0 0  9992
2 29494   0.0093 134.6764 0003539 195.8130 259.7704  1.00272143 37914
OPTUS D1                
1 29495U 06043B   17045.20940531 -.00000131  00000-0  00000+0 0  9998
2 29495   0.0139 146.6100 0003555 185.0510  48.1426  1.00270134 37957
XM-4 (BLUES)            
1 29520U 06049A   17045.56024817 -.00000041  00000-0  00000+0 0  9992
2 29520   0.0409 275.7479 0000311 305.4958   9.9572  1.00268468 37808
BADR-4                  
1 29526U 06051A   17045.89336781  .00000126  00000-0  00000+0 0  9996
2 29526   0.0525 321.0029 0006132   5.3724 166.2767  1.00271468 37709
FENGYUN 2D              
1 29640U 06053A   17044.93448147 -.00000380  00000-0  10000-3 0  9997
2 29640   4.2253  65.0227 0004148 327.6507 211.5623  1.00270831 37369
WILDBLUE-1              
1 29643U 06054A   17045.62842244 -.00000068  00000-0  00000+0 0  9992
2 29643   0.0485 274.5611 0001974  57.1309 288.1592  1.00272538 37356
AMC-18                  
1 29644U 06054B   17045.62564326 -.00000108  00000-0  00000+0 0  9990
2 29644   0.0543 293.3191 0002981  37.7102 294.0515  1.00272419 37368
MEASAT-3                
1 29648U 06056A   17045.77984344 -.00000260  00000-0  00000+0 0  9997
2 29648   0.0302 150.3591 0000820 227.3522 139.4989  1.00272281 37368
KIKU-8 (ETS-VIII)       
1 29656U 06059A   17045.03136748 -.00000023  00000-0  00000+0 0  9992
2 29656   5.3802  60.0174 0011304 222.4000 137.7022  0.98999082 37247
INSAT-4B                
1 30793U 07007A   17045.73914075 -.00000276  00000-0  00000+0 0  9994
2 30793   0.0372 275.3148 0003657 126.9103 102.2479  1.00271025 36371
SKYNET 5A               
1 30794U 07007B   17045.46181472 -.00000290  00000-0  00000+0 0  9998
2 30794   0.0674   7.0752 0003609 318.8995  80.1024  1.00272617 36464
ANIK F3                 
1 31102U 07009A   17044.67303894 -.00000022  00000-0  00000+0 0  9993
2 31102   0.0133 102.8191 0002387 237.2518 287.3589  1.00272523 36133
ASTRA 1L                
1 31306U 07016A   17044.76624003  .00000098  00000-0  00000+0 0  9997
2 31306   0.0910 296.1497 0005502  17.7672 125.0650  1.00269886 35844
GALAXY 17 (G-17)        
1 31307U 07016B   17045.06251696 -.00000195  00000-0  00000+0 0  9995
2 31307   0.0270   4.2684 0003766 337.6654  93.8123  1.00271952 35882
ZHONGXING-6B            
1 31800U 07031A   17045.71401788 -.00000380  00000-0  00000+0 0  9997
2 31800   0.0183  98.1492 0003236 226.9924 192.3094  1.00269785 35281
DIRECTV 10              
1 31862U 07032A   17044.88541874 -.00000123  00000-0  00000+0 0  9999
2 31862   0.0159 265.4361 0000236 121.5005 333.0646  1.00269856 35212
SPACEWAY 3              
1 32018U 07036A   17045.56059365 -.00000170  00000-0  00000+0 0  9994
2 32018   0.0139 290.8820 0000168 107.4219 213.2835  1.00272674 34939
BSAT-3A                 
1 32019U 07036B   17044.29608037 -.00000373  00000-0  00000-0 0  9996
2 32019   0.0769 247.4056 0002893  32.6617  79.8631  1.00272779 16303
INSAT-4CR               
1 32050U 07037A   17045.68901446  .00000106  00000-0  00000+0 0  9998
2 32050   0.0730 272.6596 0004516  55.0530 113.0521  1.00273569 34668
OPTUS D2                
1 32252U 07044A   17045.75256375 -.00000202  00000-0  00000+0 0  9990
2 32252   0.0496 283.5261 0003813  46.0172 238.2968  1.00271030 34253
INTELSAT 11 (IS-11)     
1 32253U 07044B   17045.18438591 -.00000289  00000-0  00000+0 0  9995
2 32253   0.0446 262.4789 0003270  71.8225 193.4320  1.00271320 34337
STAR ONE C1             
1 32293U 07056A   17044.78052205 -.00000298  00000-0  00000+0 0  9991
2 32293   0.0110 107.5993 0002915 226.8993  25.4510  1.00272994 33910
SKYNET 5B               
1 32294U 07056B   17045.16468674  .00000122  00000-0  00000+0 0  9991
2 32294   0.0673   1.0454 0003639 321.2713 266.3756  1.00270890 34012
ASTRA 4A (SIRIUS 4)     
1 32299U 07057A   17044.92358111  .00000011  00000-0  00000-0 0  9992
2 32299   0.0215   1.9600 0003195 320.7037 158.7256  1.00271922 17513
HORIZONS-2              
1 32388U 07063B   17045.59636536 -.00000201  00000-0  00000+0 0  9993
2 32388   0.0179  87.6745 0003028 253.4023 103.2240  1.00271233 33694
THURAYA-3               
1 32404U 08001A   17045.79349184 -.00000315  00000-0  00000+0 0  9993
2 32404   4.1087 352.4977 0005068 332.8038 203.7961  1.00270307 33349
EXPRESS-AM33            
1 32478U 08003A   17045.79519898 -.00000298  00000-0  00000+0 0  9997
2 32478   0.0439 264.2015 0000185 124.9239 138.5962  1.00270454 33436
THOR 5                  
1 32487U 08006A   17044.92326288 -.00000030  00000-0  00000-0 0  9998
2 32487   0.0598 269.9528 0002615  63.0262 142.7596  1.00274281 33119
KIZUNA (WINDS)          
1 32500U 08007A   17045.49083328 -.00000278  00000-0  00000+0 0  9996
2 32500   0.5746  91.2061 0002365 244.7570 128.4063  1.00271251 32848
AMC-14                  
1 32708U 08011A   17044.76619429  .00000080  00000-0  00000-0 0  9998
2 32708  18.8914  64.7210 0036219 350.5551  22.5335  1.00274859 33965
DIRECTV 11              
1 32729U 08013A   17045.32138253 -.00000145  00000-0  00000+0 0  9999
2 32729   0.0039 268.2005 0000167  89.9678 162.8421  1.00272629 32740
ICO G1                  
1 32763U 08016A   17045.13025900 -.00000187  00000-0  00000+0 0  9999
2 32763   3.8871 353.4877 0003471 341.7664 123.0976  1.00271328 32279
VINASAT-1               
1 32767U 08018A   17045.23230424 -.00000348  00000-0  00000+0 0  9994
2 32767   0.0076 272.7218 0001913  83.6519   3.6250  1.00269350 32417
STAR ONE C2             
1 32768U 08018B   17044.79441837 -.00000286  00000-0  00000-0 0  9999
2 32768   0.0408 133.2424 0001187 221.1146   5.6056  1.00271077 32487
TIANLIAN 1-01           
1 32779U 08019A   17045.08876334 -.00000160  00000-0  10000-3 0  9994
2 32779   2.5516  76.7113 0038600 228.8221 310.9388  1.00271233 32271
AMOS-3                  
1 32794U 08022A   17045.13867050 -.00000055  00000-0  00000+0 0  9994
2 32794   0.0374 245.8902 0002584 107.2307 197.0570  1.00272685 32252
GALAXY 18 (G-18)        
1 32951U 08024A   17043.94391225  .00000002  00000-0  00000-0 0  9996
2 32951   0.0143 105.6160 0002981 228.6649  25.6669  1.00272400 11705
CHINASAT 9 (ZX 9)       
1 33051U 08028A   17045.79970684 -.00000266  00000-0  00000+0 0  9991
2 33051   0.0191 137.8905 0004624 188.1014 199.0854  1.00272951 31824
SKYNET 5C               
1 33055U 08030A   17044.89978701 -.00000160  00000-0  00000-0 0  9990
2 33055   0.0630  22.8688 0003671 304.2222 123.1034  1.00273206 31776
TURKSAT 3A              
1 33056U 08030B   17045.86299403  .00000128  00000-0  00000+0 0  9996
2 33056   0.0248 120.9150 0004006 230.9461 145.8395  1.00274832 31899
INTELSAT 25 (IS-25)     
1 33153U 08034A   17044.68770875 -.00000245  00000-0  00000+0 0  9995
2 33153   0.0592 283.2265 0002489  28.2736  48.4422  1.00273327 31443
BADR-6                  
1 33154U 08034B   17045.13935656  .00000124  00000-0  00000+0 0  9992
2 33154   0.0680  51.8793 0004753 308.7815 219.8224  1.00274767 31552
ECHOSTAR 11             
1 33207U 08035A   17044.90518214 -.00000077  00000-0  00000+0 0  9991
2 33207   0.0115 235.1336 0003181 104.2470  20.6065  1.00269697 31461
SUPERBIRD-C2            
1 33274U 08038A   17045.49085615 -.00000270  00000-0  00000+0 0  9992
2 33274   0.0178 249.4865 0001897 124.9919  90.8677  1.00270807 31191
AMC-21                  
1 33275U 08038B   17044.49982395  .00000014  00000-0  00000+0 0  9998
2 33275   0.0691 286.7610 0003132  47.7280 224.2250  1.00272936 31264
INMARSAT 4-F3           
1 33278U 08039A   17045.34030377 -.00000157  00000-0  00000+0 0  9990
2 33278   3.0197   0.2300 0003028 335.3274 193.4910  1.00271661 31072
NIMIQ 4                 
1 33373U 08044A   17045.56012035 -.00000239  00000-0  00000+0 0  9998
2 33373   0.0245  95.4549 0002475 245.0363 283.8760  1.00270419 30640
GALAXY 19 (G-19)        
1 33376U 08045A   17044.86916834 -.00000160  00000-0  00000+0 0  9997
2 33376   0.0164 140.3058 0003350 188.6998  30.9746  1.00271415 30649
VENESAT-1               
1 33414U 08055A   17044.54644396 -.00000259  00000-0  00000+0 0  9996
2 33414   0.0357 253.0101 0002030  63.6856 305.7626  1.00272312 30351
ASTRA 1M                
1 33436U 08057A   17045.16537625  .00000099  00000-0  00000+0 0  9998
2 33436   0.0145 100.2330 0000821 246.7341 236.0678  1.00272805 30288
CIEL-2                  
1 33453U 08063A   17044.64946528  .00000037  00000-0  00000+0 0  9994
2 33453   0.0183  81.6449 0003143 245.1608 281.9732  1.00272163 29950
EUTELSAT HOT BIRD 13C   
1 33459U 08065A   17044.56447197  .00000065  00000-0  00000+0 0  9992
2 33459   0.0535  54.6282 0003341 301.5222   3.8106  1.00274275 30056
EUTELSAT 48D            
1 33460U 08065B   17044.87736032  .00000103  00000-0  00000+0 0  9990
2 33460   0.1150 297.9351 0002762 350.7184 219.3319  1.00275432 29919
FENGYUN 2E              
1 33463U 08066A   17045.90918360 -.00000214  00000-0  00000+0 0  9999
2 33463   1.9518  66.1639 0004708 226.3210 266.2172  1.00263179 29906
EXPRESS-AM44            
1 33595U 09007A   17045.29193690 -.00000109  00000-0  00000+0 0  9997
2 33595   0.0200 259.1023 0000809 132.8805 206.5825  1.00271896 29367
NSS-9                   
1 33749U 09008A   17044.69288209  .00000050  00000-0  00000+0 0  9997
2 33749   0.0119 305.7351 0002497  35.3879 235.2912  1.00271833 29369
EUTELSAT 33E            
1 33750U 09008B   17045.04284395  .00000135  00000-0  00000+0 0  9995
2 33750   0.0166 336.8931 0003539 319.4419 256.4148  1.00270150 29408
TELSTAR 11N             
1 34111U 09009A   17045.37073877 -.00000271  00000-0  00000+0 0  9997
2 34111   0.0158 104.4995 0002837 217.1767 278.7773  1.00270713 29226
EUTELSAT 10A            
1 34710U 09016A   17045.16265493  .00000048  00000-0  00000+0 0  9995
2 34710   0.0661  14.2857 0005047 315.5517 243.0439  1.00271711 28779
SES-7 (PROTOSTAR 2)     
1 34941U 09027A   17044.91731948 -.00000366  00000-0  00000-0 0  9993
2 34941   0.0151  72.1043 0002756 225.1307 285.3463  1.00271073 28447
MEASAT-3A               
1 35362U 09032A   17045.34427106 -.00000261  00000-0  00000+0 0  9996
2 35362   0.0666 250.7067 0001826  44.1597  65.0796  1.00270949 28053
GOES 14                 
1 35491U 09033A   17044.88899622 -.00000115  00000-0  00000+0 0  9992
2 35491   0.0198 139.6761 0006765 104.3875 115.8313  1.00273235 27966
SIRIUS FM-5             
1 35493U 09034A   17045.49699167 -.00000219  00000-0  00000+0 0  9990
2 35493   0.0200 100.9536 0000825 265.5925 230.8937  1.00271360 27787
TERRESTAR-1             
1 35496U 09035A   17044.85894540 -.00000074  00000-0  00000+0 0  9994
2 35496   2.9914 342.0020 0002971 348.9157  11.3489  1.00271846 27960
ASIASAT 5               
1 35696U 09042A   17045.69145565 -.00000326  00000-0  00000+0 0  9993
2 35696   0.0053 314.6239 0001950 344.5690 195.0953  1.00273448 27485
JCSAT-RA (JCSAT-12)     
1 35755U 09044A   17045.24338249 -.00000365  00000-0  00000+0 0  9998
2 35755   0.0533  56.7313 0000918 310.7176 352.5174  1.00271029 27475
OPTUS D3                
1 35756U 09044B   17045.75256375 -.00000166  00000-0  00000+0 0  9993
2 35756   0.0218 340.6751 0004491   2.3263 228.8775  1.00269198 27441
PALAPA D                
1 35812U 09046A   17045.28487914 -.00000378  00000-0  00000+0 0  9996
2 35812   0.0314  91.0618 0002379 269.5310 359.3724  1.00270641 27486
NIMIQ 5                 
1 35873U 09050A   17045.37513194 -.00000277  00000-0  00000+0 0  9996
2 35873   0.0676 276.4357 0002449  50.6344 239.8203  1.00272944 27164
AMAZONAS 2              
1 35942U 09054A   17045.42566072 -.00000302  00000-0  00000+0 0  9995
2 35942   0.0229 154.0378 0000890 216.5514 226.2515  1.00272918 26996
COMSATBW-1              
1 35943U 09054B   17044.96644237  .00000004  00000-0  00000+0 0  9992
2 35943   0.0685  95.1699 0002862 240.2480 219.6388  1.00273792 27065
NSS-12                  
1 36032U 09058A   17045.02959669  .00000051  00000-0  00000+0 0  9994
2 36032   0.0404 288.4793 0003069  32.1859 251.1831  1.00272100 26744
THOR 6                  
1 36033U 09058B   17045.29717203 -.00000030  00000-0  00000+0 0  9998
2 36033   0.0153 168.1650 0001991 169.7739 272.6689  1.00272929 26779
INTELSAT 14 (IS-14)     
1 36097U 09064A   17043.72797558 -.00000297  00000-0  00000+0 0  9997
2 36097   0.0221 123.9856 0003206 266.0739 329.9212  1.00273799 26509
EUTELSAT 36B            
1 36101U 09065A   17044.83737698  .00000135  00000-0  00000+0 0  9996
2 36101   0.0661  12.2955 0004564 317.7332 151.3361  1.00271252 26610
INTELSAT 15 (IS-15)     
1 36106U 09067A   17044.89355865 -.00000206  00000-0  00000-0 0  9992
2 36106   0.0199  88.2157 0002510 246.5843 216.0991  1.00272169  7113
DIRECTV 12              
1 36131U 09075A   17044.55201591 -.00000124  00000-0  00000+0 0  9996
2 36131   0.0305 278.2057 0000137 101.4162 220.0260  1.00270768 26181
BEIDOU G1               
1 36287U 10001A   17044.51638542 -.00000307  00000-0  10000-3 0  9993
2 36287   1.5440  11.9776 0003848 240.4322 217.0669  1.00264611 25978
RADUGA-1M 2             
1 36358U 10002A   17045.11427747 -.00000203  00000-0  00000+0 0  9993
2 36358   0.0354 274.2263 0003460  74.6687 281.5114  1.00270419 25818
SDO                     
1 36395U 10005A   17045.26472014 -.00000084  00000-0  00000+0 0  9997
2 36395  28.6327 142.6361 0001379 164.1256 190.7498  1.00268328 25830
INTELSAT 16 (IS-16)     
1 36397U 10006A   17045.49241509 -.00000304  00000-0  00000+0 0  9993
2 36397   0.0692 278.9038 0002974  73.6572 271.2756  1.00270867 25543
GOES 15                 
1 36411U 10008A   17044.97560382  .00000069  00000-0  00000+0 0  9994
2 36411   0.0607 252.6282 0000656 268.6511 198.6874  1.00273607 25492
ECHOSTAR 14             
1 36499U 10010A   17044.67303917 -.00000021  00000-0  00000+0 0  9998
2 36499   0.0191 130.8896 0002683 197.1105 299.2810  1.00270501 25332
SES-1                   
1 36516U 10016A   17045.51853573 -.00000133  00000-0  00000+0 0  9990
2 36516   0.0143 287.2258 0002165  52.7107 250.4552  1.00269938 24941
ASTRA 3B                
1 36581U 10021A   17044.85904022  .00000116  00000-0  00000-0 0  9991
2 36581   0.0476  52.4640 0002781 273.0675 151.2474  1.00272903 24689
COMSATBW-2              
1 36582U 10021B   17044.84707444  .00000067  00000-0  00000+0 0  9994
2 36582   0.0158 243.6029 0002706  99.9319 118.5817  1.00272443 24797
BEIDOU G3               
1 36590U 10024A   17044.45428693 -.00000376  00000-0  00000+0 0  9993
2 36590   1.4752  32.6139 0006260 304.4737  80.6440  1.00274606 24587
BADR-5                  
1 36592U 10025A   17045.13935656  .00000124  00000-0  00000+0 0  9994
2 36592   0.0184 127.3982 0001877 168.9602 284.1058  1.00273449 24708
COMS 1                  
1 36744U 10032A   17044.91787479 -.00000365  00000-0  00000-0 0  9993
2 36744   0.0101 120.1506 0001583 235.2912 247.2992  1.00272074 16896
ARABSAT-5A              
1 36745U 10032B   17045.86884508  .00000135  00000-0  00000+0 0  9993
2 36745   0.0535   4.8861 0003178 322.4743 160.9553  1.00270097 24440
ECHOSTAR 15             
1 36792U 10034A   17044.92732049 -.00000302  00000-0  00000-0 0  9993
2 36792   0.0531 295.8202 0002759  50.4366  70.0271  1.00270241 24171
NILESAT 201             
1 36830U 10037A   17045.11177730 -.00000078  00000-0  00000+0 0  9990
2 36830   0.0554 197.9184 0004177 146.8418 192.7686  1.00272746 24099
RASCOM-QAF 1R           
1 36831U 10037B   17044.59234095 -.00000003  00000-0  00000+0 0  9998
2 36831   0.0152  99.0096 0005691 211.7028  49.2018  1.00271125 24094
CHINASAT 6A (ZX 6A)     
1 37150U 10042A   17044.91887990 -.00000375  00000-0  00000-0 0  9996
2 37150   0.0351 261.2605 0001960  19.4524 319.2540  1.00271406 23707
QZS-1 (MICHIBIKI)       
1 37158U 10045A   17045.66287701 -.00000209  00000-0  00000+0 0  9999
2 37158  40.7927 161.1104 0751140 270.0658  89.4278  1.00257711 23530
XM-5                    
1 37185U 10053A   17045.09145424 -.00000225  00000-0  00000+0 0  9998
2 37185   0.0194 104.4429 0000606 268.1274  79.4092  1.00272168 23256
BSAT-3B                 
1 37207U 10056B   17045.46762741 -.00000370  00000-0  00000+0 0  9995
2 37207   0.0808 299.0992 0005341  31.0302  92.7155  1.00272271 23083
BEIDOU G4               
1 37210U 10057A   17045.83417863 -.00000131  00000-0  00000+0 0  9998
2 37210   0.8528  49.3363 0005604 194.7378   1.2270  1.00271102 23090
SKYTERRA 1              
1 37218U 10061A   17044.79662168 -.00000136  00000-0  00000+0 0  9990
2 37218   3.3741 329.2178 0001549  64.4717 295.7374  1.00272593 23035
ZHONGXING-20A           
1 37234U 10064A   17045.84185704 -.00000355  00000-0  00000+0 0  9997
2 37234   0.0963 269.6618 0006770  74.0990 234.3880  1.00270152 22848
HYLAS 1                 
1 37237U 10065A   17045.42706806 -.00000253  00000-0  00000+0 0  9994
2 37237   0.0191 339.5543 0001736   4.9712 280.3615  1.00269562 22816
INTELSAT 17 (IS-17)     
1 37238U 10065B   17044.83821549 -.00000022  00000-0  00000+0 0  9995
2 37238   0.0476 256.5130 0002447  66.9761 188.2943  1.00271946 22724
EUTELSAT KA-SAT 9A      
1 37258U 10069A   17044.57548625  .00000040  00000-0  00000+0 0  9992
2 37258   0.0411 277.6664 0001881   1.2353  81.0406  1.00272063 22625
HISPASAT 1E             
1 37264U 10070A   17044.85647003 -.00000237  00000-0  00000-0 0  9992
2 37264   0.0283 120.7669 0002463 224.7839  76.8100  1.00269667 18983
KOREASAT 6              
1 37265U 10070B   17044.45028979 -.00000384  00000-0  00000-0 0  9997
2 37265   0.0146  91.2157 0001944 234.3723  96.1642  1.00271894 22579
ELEKTRO-L 1 (GOMS 2)    
1 37344U 11001A   17044.34507288 -.00000219  00000-0  00000-0 0  9990
2 37344   2.1876  78.4662 0004590 263.4280 260.1597  1.00238470 22260
BEIDOU IGSO 3           
1 37384U 11013A   17044.89303514 -.00000165  00000-0  10000-3 0  9997
2 37384  57.6733  74.2236 0029390 210.2593 299.3016  1.00297825 21486
INTELSAT NEW DAWN       
1 37392U 11016A   17045.75326035  .00000137  00000-0  00000+0 0  9991
2 37392   0.0491 268.3771 0000541 134.4830  46.0477  1.00275815 21333
YAHSAT 1A               
1 37393U 11016B   17045.60123029  .00000082  00000-0  00000+0 0  9993
2 37393   0.0074 159.1948 0002010 160.6333  93.8850  1.00273695 21379
TELSTAR 14R             
1 37602U 11021A   17045.13722213 -.00000300  00000-0  00000+0 0  9994
2 37602   0.0707 286.8400 0002345  38.4764 165.3741  1.00272992 21594
GSAT-8                  
1 37605U 11022A   17045.15907747  .00000065  00000-0  00000+0 0  9994
2 37605   0.0117 260.4615 0007393  26.1714 330.0866  1.00271297 21041
ST-2                    
1 37606U 11022B   17045.83882045 -.00000228  00000-0  00000+0 0  9995
2 37606   0.0162 111.7288 0001811 242.3379 180.8815  1.00266265 21060
CHINASAT 10 (ZX 10)     
1 37677U 11026A   17045.73334470 -.00000371  00000-0  00000+0 0  9999
2 37677   0.0221 141.7091 0003164 136.2365 241.4581  1.00270455 20786
TIANLIAN 1-02           
1 37737U 11032A   17045.76577954  .00000010  00000-0  00000+0 0  9991
2 37737   2.3434  78.0963 0009706 203.9880 315.3016  1.00269784 20536
GSAT-12                 
1 37746U 11034A   17045.53266269 -.00000183  00000-0  00000+0 0  9994
2 37746   0.0940 268.5940 0004089 206.6556 304.1952  1.00271013 20761
SES-3                   
1 37748U 11035A   17045.51853573 -.00000121  00000-0  00000+0 0  9997
2 37748   0.0531 294.9326 0002791  29.7725 263.6616  1.00272279 20503
KAZSAT-2                
1 37749U 11035B   17045.78985573 -.00000216  00000-0  00000+0 0  9998
2 37749   0.0377 270.9026 0001005 118.5098 126.4161  1.00273169 20386
ASTRA 1N                
1 37775U 11041A   17044.76624003  .00000099  00000-0  00000+0 0  9997
2 37775   0.0515  18.4184 0004710 347.3767  73.1890  1.00273883 20201
BSAT-3C (JCSAT-110R)    
1 37776U 11041B   17045.89170712 -.00000369  00000-0  00000+0 0  9997
2 37776   0.0526 281.4252 0000210 148.6952 145.9247  1.00271245 20339
PAKSAT-1R               
1 37779U 11042A   17045.85986892  .00000135  00000-0  00000+0 0  9991
2 37779   0.0189 140.8765 0003873 190.0331 161.6746  1.00270466 20090
CHINASAT 1A (ZX 1A)     
1 37804U 11047A   17044.63848484 -.00000359  00000-0  00000-0 0  9994
2 37804   0.0360 160.7845 0002315 166.1308 176.6231  1.00271820 19883
COSMOS 2473             
1 37806U 11048A   17044.63793191 -.00000130  00000-0  00000-0 0  9998
2 37806   0.0410 111.5129 0003643 244.0226   4.4249  1.00271346 19846
SES-2                   
1 37809U 11049A   17044.48579005 -.00000218  00000-0  00000+0 0  9997
2 37809   0.0529 288.5917 0002632  29.1252 273.8372  1.00272101 19814
ARABSAT-5C              
1 37810U 11049B   17045.16537625  .00000103  00000-0  00000+0 0  9999
2 37810   0.0638 352.7323 0002489 332.8200 258.3445  1.00274483 19712
EUTELSAT 7 WEST A       
1 37816U 11051A   17044.62067641 -.00000082  00000-0  00000-0 0  9992
2 37816   0.0690  39.1156 0003029 237.5847  83.2292  1.00272510 19719
QUETZSAT 1              
1 37826U 11054A   17045.06286760 -.00000262  00000-0  00000+0 0  9999
2 37826   0.0168  31.0681 0002954 306.3171 112.4873  1.00271602 19907
INTELSAT 18 (IS-18)     
1 37834U 11056A   17045.46575734  .00000034  00000-0  00000+0 0  9992
2 37834   0.0199 104.5222 0002562 234.0711 153.7172  1.00274617 19661
EUTELSAT 16A            
1 37836U 11057A   17044.77756538  .00000083  00000-0  00000-0 0  9996
2 37836   0.0665  17.7791 0004528 310.2590 111.8429  1.00273259 11802
VIASAT-1                
1 37843U 11059A   17044.64440719 -.00000045  00000-0  00000-0 0  9992
2 37843   0.0108  94.5279 0002586 229.4605 296.7073  1.00272448 13131
ASIASAT 7               
1 37933U 11069A   17045.66899010 -.00000352  00000-0  00000+0 0  9998
2 37933   0.0705 276.5320 0001432  47.8472 166.7734  1.00268043 19273
LUCH 5A                 
1 37951U 11074B   17045.83594843 -.00000064  00000-0  00000+0 0  9999
2 37951   1.5689 192.5877 0004596 124.3566 295.9560  1.00273225 19004
NIGCOMSAT 1R            
1 38014U 11077A   17045.16414172  .00000125  00000-0  00000+0 0  9992
2 38014   0.0041 312.1578 0001586 336.3188 317.4355  1.00270153 18839
FENGYUN 2F              
1 38049U 12002A   17044.95921454 -.00000377  00000-0  00000-0 0  9992
2 38049   1.4658  77.7357 0000897 196.5847 327.0115  1.00263608 18699
SES-4                   
1 38087U 12007A   17045.21048005 -.00000188  00000-0  00000+0 0  9990
2 38087   0.0233   7.9898 0001706 330.4191 219.7485  1.00271544 18292
BEIDOU G5               
1 38091U 12008A   17045.16398567  .00000037  00000-0  00000+0 0  9993
2 38091   2.0139  54.4503 0004183 228.7849 338.8933  1.00268277 18284
INTELSAT 22 (IS-22)     
1 38098U 12011A   17045.39798279 -.00000078  00000-0  00000+0 0  9999
2 38098   0.0246   9.1364 0001930 310.1176  40.6966  1.00272067 17854
APSTAR 7                
1 38107U 12013A   17045.59438855 -.00000120  00000-0  00000+0 0  9993
2 38107   0.0346  90.8004 0002626 229.8763 114.5681  1.00271505 17980
YAHSAT 1B               
1 38245U 12016A   17044.46863886  .00000104  00000-0  00000+0 0  9991
2 38245   0.0177 134.0771 0002044 209.2395  16.6767  1.00271769 17725
JCSAT-13                
1 38331U 12023A   17045.25425453 -.00000376  00000-0  00000+0 0  9999
2 38331   0.0459 281.3382 0002277  67.9514  10.6703  1.00272344 17384
VINASAT-2               
1 38332U 12023B   17044.75256478 -.00000350  00000-0  00000+0 0  9995
2 38332   0.0395 268.2850 0002842  79.1812 199.2303  1.00271520 17411
NIMIQ 6                 
1 38342U 12026A   17044.85283951 -.00000194  00000-0  00000+0 0  9992
2 38342   0.0162 290.1937 0002821  40.3676  29.3868  1.00271587 17400
CHINASAT 2A (ZX 2A)     
1 38352U 12028A   17045.88676581 -.00000311  00000-0  00000+0 0  9995
2 38352   0.0360 173.4443 0005567 163.6739 225.4371  1.00271474 17453
INTELSAT 19 (IS-19)     
1 38356U 12030A   17044.14056553 -.00000080  00000-0  00000-0 0  9995
2 38356   0.0407 284.6633 0002815  43.0984  32.1839  1.00270940 16279
ECHOSTAR 17             
1 38551U 12035A   17044.89717166 -.00000096  00000-0  00000+0 0  9999
2 38551   0.0172 104.5184 0001837 218.2959  37.1372  1.00272164 16937
METEOSAT-10 (MSG-3)     
1 38552U 12035B   17044.60027626 -.00000027  00000-0  00000-0 0  9999
2 38552   0.6927  44.9322 0000781 222.1055  92.9183  1.00265274 16697
SES-5                   
1 38652U 12036A   17044.15719360  .00000011  00000-0  00000+0 0  9995
2 38652   0.0431 277.0685 0002020  37.6698 250.1692  1.00272377 16867
TIANLIAN 1-03           
1 38730U 12040A   17044.57128392  .00000050  00000-0  00000-0 0  9996
2 38730   0.1674 269.2892 0001407  82.3329   8.3388  1.00273585 14510
INTELSAT 20 (IS-20)     
1 38740U 12043A   17044.41070770 -.00000047  00000-0  00000-0 0  9996
2 38740   0.0219 117.5453 0001467  71.0592 171.3566  1.00272540 16562
HYLAS 2                 
1 38741U 12043B   17045.51175346  .00000135  00000-0  00000+0 0  9990
2 38741   0.0311 286.3124 0002063  68.4665   5.1842  1.00274516 16667
INTELSAT 21 (IS-21)     
1 38749U 12045A   17044.76112690 -.00000306  00000-0  00000+0 0  9990
2 38749   0.0091 100.7697 0002115 231.6703  27.5127  1.00271848 16444
ASTRA 2F                
1 38778U 12051A   17045.51960648  .00000131  00000-0  00000+0 0  9992
2 38778   0.0857 248.7961 0002735  16.9940  94.1439  1.00274098 16107
GSAT-10                 
1 38779U 12051B   17045.36783665 -.00000184  00000-0  00000+0 0  9997
2 38779   0.0714 270.7632 0001219  54.8515  34.3424  1.00270766 16103
INTELSAT 23 (IS-23)     
1 38867U 12057A   17044.74730258 -.00000306  00000-0  00000-0 0  9999
2 38867   0.0158 224.9911 0002063 105.3106  29.6865  1.00268681 15805
BEIDOU G6               
1 38953U 12059A   17045.59636497 -.00000194  00000-0  10000-3 0  9990
2 38953   1.4048  79.9097 0005580 186.2070 177.4008  1.00270639 15865
LUCH 5B                 
1 38977U 12061A   17044.92879560 -.00000151  00000-0  00000-0 0  9994
2 38977   3.2961  75.4424 0003452 235.5704 151.1958  1.00270389 15986
YAMAL 300K              
1 38978U 12061B   17045.69944094  .00000052  00000-0  00000+0 0  9993
2 38978   0.0147 159.7017 0000496  41.3160  18.5791  1.00272006 15682
STAR ONE C3             
1 38991U 12062A   17045.49840604 -.00000268  00000-0  00000+0 0  9999
2 38991   0.0305 101.6044 0002956 221.5269 285.9636  1.00273178 15661
EUTELSAT 21B            
1 38992U 12062B   17044.54064840  .00000108  00000-0  00000-0 0  9998
2 38992   0.0675  23.1319 0002211 311.6350  25.1859  1.00273379 15665
ECHOSTAR 16             
1 39008U 12065A   17044.77083733 -.00000303  00000-0  00000-0 0  9995
2 39008   0.0119 101.1183 0002001 229.6590  29.1754  1.00271820 15425
CHINASAT 12 (ZX 12)     
1 39017U 12067A   17045.02405611 -.00000227  00000-0  00000+0 0  9993
2 39017   0.0246  94.8213 0002951 233.2088 272.3303  1.00271473 15511
EUTELSAT 70B            
1 39020U 12069A   17044.40511469 -.00000065  00000-0  00000+0 0  9999
2 39020   0.0625 357.7128 0002677 300.5746  61.6490  1.00272820 15418
YAMAL 402               
1 39022U 12070A   17045.80603765  .00000067  00000-0  10000-3 0  9995
2 39022   0.0028 175.5798 0002865 168.4997 145.9723  1.00273793 15419
SKYNET 5D               
1 39034U 12075A   17045.16330066  .00000079  00000-0  00000+0 0  9991
2 39034   0.0718  16.7725 0004168 310.9750 288.1044  1.00273612 15329
MEXSAT 3                
1 39035U 12075B   17043.92120830 -.00000048  00000-0  00000-0 0  9998
2 39035   0.0499 255.2177 0001943  50.1305  54.5962  1.00272291 14970
TDRS 11                 
1 39070U 13004A   17044.98848822  .00000076  00000-0  00000+0 0  9994
2 39070   5.5513 328.7805 0011632 299.0806  60.9053  1.00271885 14796
AMAZONAS 3              
1 39078U 13006A   17044.76940053 -.00000303  00000-0  00000-0 0  9994
2 39078   0.0442 235.9737 0003096  48.0793  75.8766  1.00270469 10676
AZERSPACE 1             
1 39079U 13006B   17045.15941590  .00000113  00000-0  00000+0 0  9993
2 39079   0.0199 270.1433 0002464  63.2278 274.3419  1.00273511 14738
EUTELSAT 117 WEST A     
1 39122U 13012A   17044.92400782 -.00000034  00000-0  00000+0 0  9999
2 39122   0.0180 247.7298 0002589  84.7563  27.4644  1.00272650 14278
ANIK G1                 
1 39127U 13014A   17044.89770801 -.00000095  00000-0  00000+0 0  9991
2 39127   0.0140 131.7821 0002910 177.1091  51.0828  1.00269847 14062
CHINASAT 11 (ZX 11)     
1 39157U 13020A   17045.88964024 -.00000309  00000-0  00000+0 0  9991
2 39157   0.0386 269.1566 0003041  30.2549 263.9319  1.00272331 13961
EUTELSAT 7B             
1 39163U 13022A   17044.58107854  .00000026  00000-0  00000+0 0  9991
2 39163   0.0520 322.0614 0005751  26.5338  11.3552  1.00273932 13800
SES-6                   
1 39172U 13026A   17044.22764344 -.00000284  00000-0  00000+0 0  9996
2 39172   0.0209  49.1013 0002276 269.4372 226.3347  1.00272462 13525
IRNSS-1A                
1 39199U 13034A   17043.77529689  .00000075  00000-0  00000+0 0  9991
2 39199  28.6179 117.1991 0021750 186.2070 173.8098  1.00277857 13449
ALPHASAT                
1 39215U 13038A   17044.61816272  .00000117  00000-0  00000+0 0  9992
2 39215   1.5896  30.4079 0002253 296.0180  64.7183  1.00271897 13077
INSAT-3D                
1 39216U 13038B   17045.37035033 -.00000175  00000-0  00000+0 0  9990
2 39216   0.0409 272.2308 0002026  55.9553  31.7667  1.00271513 13118
EUTELSAT 25B            
1 39233U 13044A   17045.52720291  .00000124  00000-0  00000+0 0  9993
2 39233   0.0494  14.6640 0001930 320.6898  24.6023  1.00272703 12719
GSAT-7                  
1 39234U 13044B   17044.39513238 -.00000099  00000-0  00000+0 0  9991
2 39234   0.0533 270.1307 0012839  16.7728  72.9192  1.00272487 12709
AMOS-4                  
1 39237U 13045A   17045.41759385 -.00000012  00000-0  00000+0 0  9999
2 39237   0.0561 258.0197 0002573  62.1945  39.7320  1.00272979 12705
ASTRA 2E                
1 39285U 13056A   17044.52152180  .00000128  00000-0  00000-0 0  9993
2 39285   0.0581  31.3789 0002126 282.0981  46.4689  1.00270865 12273
SIRIUS FM-6             
1 39360U 13058A   17043.92493738 -.00000040  00000-0  00000+0 0  9992
2 39360   0.0209  83.5290 0000439  67.3164 209.1198  1.00271046 12143
RADUGA-1M 3             
1 39375U 13062A   17045.74440586 -.00000057  00000-0  00000+0 0  9996
2 39375   0.0219 186.2674 0002556 146.7161 149.9248  1.00272699 11947
SES-8                   
1 39460U 13071A   17045.33459235 -.00000289  00000-0  00000+0 0  9994
2 39460   0.0570 284.8126 0001909  75.2394 359.9128  1.00273563 11686
INMARSAT 5-F1           
1 39476U 13073A   17044.96644237  .00000007  00000-0  00000+0 0  9996
2 39476   0.0148 102.0946 0000303 234.4757 218.0813  1.00272578 11731
TKSAT-1 (TUPAC KATARI)  
1 39481U 13075A   17044.48579005 -.00000216  00000-0  00000+0 0  9994
2 39481   0.0124 123.0567 0003476 199.4192 268.8717  1.00271189 11643
EXPRESS-AM5             
1 39487U 13077A   17045.52661747 -.00000299  00000-0  00000+0 0  9994
2 39487   0.0442 277.2498 0001142 152.4128  44.6409  1.00272096 12189
GSAT-14                 
1 39498U 14001A   17044.71194075 -.00000098  00000-0  00000+0 0  9996
2 39498   0.1245 266.5047 0002547 112.6605  95.0161  1.00272896 11386
THAICOM 6               
1 39500U 14002A   17044.90392735 -.00000142  00000-0  00000-0 0  9996
2 39500   0.0505 130.6517 0000818 215.3900 201.9434  1.00273136 11254
TDRS 12                 
1 39504U 14004A   17044.64996766 -.00000289  00000-0  00000+0 0  9998
2 39504   6.0950 336.3769 0004865   6.3964 353.7127  1.00265429 11257
ABS-2                   
1 39508U 14006A   17044.39286277 -.00000108  00000-0  00000+0 0  9995
2 39508   0.0383 292.1393 0003264  38.5921  29.2135  1.00272159 11138
ATHENA-FIDUS            
1 39509U 14006B   17044.49579603  .00000132  00000-0  00000+0 0  9991
2 39509   0.0120  98.5032 0001412 239.8635  21.5908  1.00271325 11303
TURKSAT 4A              
1 39522U 14007A   17044.48407455  .00000124  00000-0  00000+0 0  9992
2 39522   0.0702 275.9266 0004805  23.2229  60.7657  1.00270622 11010
EXPRESS-AT1             
1 39612U 14010A   17044.83793344  .00000057  00000-0  00000-0 0  9996
2 39612   0.0397 260.9030 0000131  97.3816 143.3933  1.00272005 10858
EXPRESS-AT2             
1 39613U 14010B   17045.52765911 -.00000301  00000-0  00000+0 0  9995
2 39613   0.0421 273.7572 0000465 197.5187   3.2107  1.00272427 10691
AMAZONAS 4A             
1 39616U 14011A   17044.76935865 -.00000303  00000-0  00000-0 0  9994
2 39616   0.0792  78.2089 0004821 277.4383   4.3125  1.00273666 10498
ASTRA 5B                
1 39617U 14011B   17045.13948616  .00000134  00000-0  00000+0 0  9995
2 39617   0.0467 307.4365 0003286  26.4360 252.1477  1.00270439 10671
IRNSS-1B                
1 39635U 14017A   17045.27056444  .00000071  00000-0  00000+0 0  9995
2 39635  29.3126 296.8284 0016868 181.1964 178.8519  1.00271105 10613
LUCH 5V                 
1 39727U 14023A   17044.96351769 -.00000289  00000-0  00000-0 0  9990
2 39727   2.9452 299.2149 0003981  29.4787 257.0359  1.00270355528320
KAZSAT 3                
1 39728U 14023B   17044.43846067  .00000038  00000-0  00000+0 0  9993
2 39728   0.0138  93.0413 0000663 340.9556 285.9738  1.00273774 10240
EUTELSAT 3B             
1 39773U 14030A   17044.78721375 -.00000001  00000-0  00000+0 0  9994
2 39773   0.0646  23.8484 0003076 299.2853 107.3180  1.00273217 10026
ASIASAT 8               
1 40107U 14046A   17044.54788222 -.00000010  00000-0  00000-0 0  9993
2 40107   0.0135  88.0109 0001051 299.8175 332.1406  0.99583491  9339
ASIASAT 6               
1 40141U 14052A   17045.49023869 -.00000381  00000-0  00000+0 0  9992
2 40141   0.0188 103.5774 0000727 236.1005 101.3745  1.00272088  8972
OPTUS 10                
1 40146U 14054A   17045.14341936 -.00000095  00000-0  00000+0 0  9991
2 40146   0.0770 338.7847 0001553 347.3958  33.7742  1.00272090  8931
MEASAT-3B               
1 40147U 14054B   17044.34700621 -.00000263  00000-0  00000+0 0  9990
2 40147   0.0306 357.7765 0002267 337.8802  24.2958  1.00270228  8971
LUCH (OLYMP)            
1 40258U 14058A   17045.23733565  .00000048  00000-0  00000+0 0  9999
2 40258   0.0146 157.0791 0001202 157.8455 284.8163  1.00273616  8749
HIMAWARI-8              
1 40267U 14060A   17045.20816555 -.00000296  00000-0  00000+0 0  9996
2 40267   0.0540 286.9675 0001588  67.8128   5.1827  1.00270739  8670
IRNSS-1C                
1 40269U 14061A   17045.07272196 -.00000184  00000-0  00000+0 0  9997
2 40269   3.2579 253.7370 0021129   7.4604 352.3040  1.00272372  8629
INTELSAT 30 (IS-30)     
1 40271U 14062A   17044.59645323 -.00000172  00000-0  00000-0 0  9991
2 40271   0.0154 100.1353 0001598   7.5650 155.7486  1.00270946  8491
ARSAT 1                 
1 40272U 14062B   17045.37513194 -.00000279  00000-0  00000+0 0  9996
2 40272   0.0519 265.4179 0001210  68.3733 234.0097  1.00271896  8692
EXPRESS-AM6             
1 40277U 14064A   17045.16330066  .00000078  00000-0  00000+0 0  9991
2 40277   0.0554 271.8326 0000711 137.4252 206.8547  1.00272305  8479
GSAT-16                 
1 40332U 14078A   17045.28945797  .00000066  00000-0  00000+0 0  9991
2 40332   0.0567 282.7312 0003054 149.3616 231.5862  1.00272033  8068
DIRECTV 14              
1 40333U 14078B   17045.32138253 -.00000145  00000-0  00000+0 0  9997
2 40333   0.0228 116.3644 0000779 236.2282 168.4000  1.00270116  8050
YAMAL 401               
1 40345U 14082A   17045.03447221 -.00000249  00000-0  00000+0 0  9996
2 40345   0.0320 132.3182 0000871 255.3670 218.9020  1.00273580  8216
ASTRA 2G                
1 40364U 14089A   17044.52241687  .00000128  00000-0  00000-0 0  9991
2 40364   0.0204 353.7329 0003243  25.0718 341.2073  1.00268713  7771
FENGYUN 2G              
1 40367U 14090A   17045.53530052 -.00000348  00000-0  00000+0 0  9999
2 40367   0.6865 264.6406 0001372 289.8986 247.4828  1.00265049  7850
INMARSAT 5-F2           
1 40384U 15005A   17045.36985039 -.00000305  00000-0  00000+0 0  9998
2 40384   0.0180 107.5419 0000596 232.8832 242.2742  1.00271544  7481
ABS-3A                  
1 40424U 15010A   17044.60871199 -.00000048  00000-0  00000+0 0  9990
2 40424   0.0174  93.4447 0001840 148.4587 118.0418  1.00271950  7217
EUTELSAT 115 WEST B     
1 40425U 15010B   17043.92150838 -.00000048  00000-0  00000-0 0  9996
2 40425   0.0189 258.2132 0000025  27.8853  73.8639  1.00271493  7200
EXPRESS-AM7             
1 40505U 15012A   17045.15925491  .00000130  00000-0  00000+0 0  9999
2 40505   0.0175  97.6164 0002437 195.9197 308.1178  1.00273875  7164
IRNSS-1D                
1 40547U 15018A   17044.11646787 -.00000311  00000-0  00000-0 0  9997
2 40547  29.3047 296.9851 0017949 182.7518 177.2961  1.00278293  6796
BEIDOU I1-S             
1 40549U 15019A   17045.79338671 -.00000183  00000-0  00000+0 0  9991
2 40549  54.5116 335.1691 0039190 184.4215   6.4497  1.00266046  6899
THOR 7                  
1 40613U 15022A   17044.60229181 -.00000030  00000-0  00000-0 0  9993
2 40613   0.0359 241.1220 0002795  88.5818  30.2435  1.00271606  6631
TURKMENALEM52E/MONACOSAT
1 40617U 15023A   17045.45361507  .00000084  00000-0  00000+0 0  9998
2 40617   0.0131  96.2794 0002839 235.9990  27.7065  1.00272554  6651
DIRECTV 15              
1 40663U 15026A   17043.88783991 -.00000126  00000-0  00000+0 0  9990
2 40663   0.0170  99.6876 0000173 241.5352  18.7393  1.00270363  6332
SKY MEXICO-1            
1 40664U 15026B   17044.81874383 -.00000255  00000-0  00000+0 0  9994
2 40664   0.0090 103.8393 0002352 231.1197  24.9936  1.00271460  6341
METEOSAT-11 (MSG-4)     
1 40732U 15034A   17044.29732542 -.00000052  00000-0  00000-0 0  9997
2 40732   2.0462 247.4059 0001776  58.2215 301.3159  1.00275494  5848
STAR ONE C4             
1 40733U 15034B   17044.79444354 -.00000286  00000-0  00000-0 0  9993
2 40733   0.0342  59.2351 0003025 293.0791   7.6451  1.00270611  5831
INTELSAT 34 (IS-34)     
1 40874U 15039A   17043.75697177 -.00000309  00000-0  00000+0 0  9997
2 40874   0.0146 114.7058 0000834 112.4606 132.8266  1.00270273  5473
EUTELSAT 8 WEST B       
1 40875U 15039B   17044.62256186 -.00000087  00000-0  00000-0 0  9990
2 40875   0.0721  34.6629 0004202 285.9937  39.2767  1.00272455  5495
GSAT-6                  
1 40880U 15041A   17044.37025213 -.00000187  00000-0  00000+0 0  9996
2 40880   0.1245 268.7157 0009612  13.8135  77.3264  1.00271415  5431
INMARSAT 5-F3           
1 40882U 15042A   17045.10023600  .00000030  00000-0  00000+0 0  9995
2 40882   0.0100 104.7299 0000447 307.6856 307.5531  1.00274697  5361
TJS-1                   
1 40892U 15046A   17044.91370557 -.00000177  00000-0  00000-0 0  9998
2 40892   0.0459 242.6768 0008052 102.0347 283.3700  1.00270851  5350
EXPRESS-AM8             
1 40895U 15048A   17045.29208737 -.00000132  00000-0  00000+0 0  9995
2 40895   0.0219 262.6931 0000216 236.5632  96.3448  1.00271193  5187
BEIDOU I2-S             
1 40938U 15053A   17045.38432666 -.00000135  00000-0  00000+0 0  9992
2 40938  54.3710 298.0612 0046145 172.7400 268.2849  1.00278173  5176
SKY MUSTER (NBN1A)      
1 40940U 15054A   17044.21203908 -.00000302  00000-0  00000-0 0  9999
2 40940   0.0125 127.1157 0002023 200.8463  32.0258  1.00268903  5094
ARSAT 2                 
1 40941U 15054B   17044.82486077 -.00000246  00000-0  00000+0 0  9993
2 40941   0.0476 273.8432 0001429  61.9819  24.1322  1.00272283  5123
MORELOS 3               
1 40946U 15056A   17043.83389582 -.00000063  00000-0  00000-0 0  9991
2 40946   6.5779 330.0364 0003333   0.0744   0.0218  1.00272243  5080
APSTAR 9                
1 40982U 15059A   17045.56462176 -.00000285  00000-0  00000+0 0  9992
2 40982   0.0277 224.1850 0002174  57.6571 208.1480  1.00269801  4967
TURKSAT 4B              
1 40984U 15060A   17044.46195989  .00000093  00000-0  00000-0 0  9996
2 40984   0.0039 199.8202 0002362 121.1413  38.9849  1.00270434  4923
CHINASAT 2C (ZX 2C)     
1 41021U 15063A   17045.02690571 -.00000344  00000-0  00000+0 0  9991
2 41021   0.0561 271.1156 0003968  91.2517 254.9809  1.00272236  4819
GSAT-15                 
1 41028U 15065A   17044.34134823 -.00000280  00000-0  00000-0 0  9997
2 41028   0.0627 273.3833 0001858  26.6783  59.8832  1.00272196  4664
BADR-7 (ARABSAT-6B)     
1 41029U 15065B   17044.52841198  .00000123  00000-0  00000+0 0  9992
2 41029   0.0519 263.1912 0004131 358.4457  98.2798  1.00271412  4715
LAOSAT 1                
1 41034U 15067A   17044.24454870 -.00000365  00000-0  00000+0 0  9995
2 41034   0.0161 185.2264 0001236  96.0761  78.6468  1.00274997  4643
TELSTAR 12V             
1 41036U 15068A   17044.64202231 -.00000141  00000-0  00000-0 0  9997
2 41036   0.0121 111.5510 0002686 217.5831  30.8138  1.00271971  4424
CHINASAT 1C (ZX 1C)     
1 41103U 15073A   17045.86194677 -.00000168  00000-0  00000+0 0  9995
2 41103   0.0322 248.4999 0004743  50.4988 237.8469  1.00269727  4484
ELEKTRO-L 2             
1 41105U 15074A   17044.75458787 -.00000119  00000-0  00000-0 0  9997
2 41105   0.0797 111.4273 0000892 267.2029 113.0139  1.00272832  4324
COSMOS 2513             
1 41121U 15075A   17044.58491089 -.00000159  00000-0  00000+0 0  9992
2 41121   0.0643 103.1595 0003149 220.1939 111.2155  1.00270971  4402
EXPRESS-AMU1            
1 41191U 15082A   17044.84446685  .00000134  00000-0  00000-0 0  9991
2 41191   0.0110 119.0402 0002270 182.4173 182.6592  1.00270012  4318
GAOFEN 4                
1 41194U 15083A   17045.59009705 -.00000353  00000-0  00000+0 0  9999
2 41194   0.0808 107.9484 0001891 156.2220 198.7196  1.00269684  4301
BELINTERSAT-1           
1 41238U 16001A   17045.16330065  .00000087  00000-0  10000-3 0  9996
2 41238   0.0272  48.8276 0001575 245.3763 320.4012  1.00270493  4084
IRNSS-1E                
1 41241U 16003A   17045.61184700 -.00000302  00000-0  00000+0 0  9991
2 41241  28.5902 116.8284 0021247 182.4105 177.6306  1.00272424  4003
INTELSAT 29E (IS-29E)   
1 41308U 16004A   17044.73899736 -.00000303  00000-0  00000-0 0  9992
2 41308   0.0586 275.6965 0001575  39.5161  44.7385  1.00270022  3985
EUTELSAT 9B             
1 41310U 16005A   17044.57551029  .00000040  00000-0  00000+0 0  9994
2 41310   0.0416 122.7325 0005292 201.0712  36.1240  1.00273500  3912
SES-9                   
1 41380U 16013A   17045.29774128 -.00000365  00000-0  00000+0 0  9998
2 41380   0.0550 296.9605 0001210  60.2089   2.7948  1.00271981  3567
EUTELSAT 65 WEST A      
1 41382U 16014A   17044.78107292 -.00000297  00000-0  00000+0 0  9990
2 41382   0.0494  11.4529 0002041 316.4795  32.0192  1.00273441  3452
IRNSS-1F                
1 41384U 16015A   17044.25533096  .00000133  00000-0  00000-0 0  9999
2 41384   4.4143 267.9647 0018128 172.8698 187.0483  1.00276362  3494
BEIDOU IGSO 6           
1 41434U 16021A   17045.55222799 -.00000113  00000-0  10000-3 0  9994
2 41434  55.3732  73.7481 0027102 185.6846 177.1840  1.00257483  3307
IRNSS-1G                
1 41469U 16027A   17044.98725248 -.00000357  00000-0  00000+0 0  9996
2 41469   4.4872 269.2201 0002993  23.3292 336.5750  1.00276027  3004
JCSAT 2B                
1 41471U 16028A   17044.17385507 -.00000188  00000-0  00000+0 0  9993
2 41471   0.0132 105.4653 0001673 216.1123  38.3735  1.00271591  2885
THAICOM 8               
1 41552U 16031A   17044.38302067 -.00000143  00000-0  00000-0 0  9992
2 41552   0.0706  61.1659 0004912 290.4029   8.3861  1.00272292  2533
INTELSAT 31 (IS-31)     
1 41581U 16035A   17043.86651164 -.00000174  00000-0  00000+0 0  9998
2 41581   0.0324 233.2306 0002280 329.3880 157.3340  1.00272839  2506
BEIDOU G7               
1 41586U 16037A   17045.06785615 -.00000268  00000-0  00000+0 0  9992
2 41586   1.4371 312.9509 0002909 322.4576  37.8004  1.00269996  2602
ABS-2A                  
1 41588U 16038A   17045.39015907 -.00000126  00000-0  00000+0 0  9994
2 41588   0.0130 143.6029 0010298 169.1028  47.1726  1.00367375  2522
EUTELSAT 117 WEST B     
1 41589U 16038B   17044.92455798 -.00000032  00000-0  00000+0 0  9995
2 41589   0.0192 235.3418 0000516 304.6822 179.9403  1.00267874  2521
BRISAT                  
1 41591U 16039A   17045.18079417 -.00000217  00000-0  00000+0 0  9993
2 41591   0.0095  91.2268 0002024 235.3071  33.4180  1.00271185  2458
ECHOSTAR 18             
1 41592U 16039B   17044.77049538 -.00000303  00000-0  00000-0 0  9996
2 41592   0.0203 121.9218 0002256 204.5127  33.5512  1.00266990  2439
TIANTONG-1 1            
1 41725U 16048A   17044.96575355 -.00000335  00000-0  00000-0 0  9991
2 41725   4.7538 325.1940 0006860  10.0930 257.9518  1.00271419  2076
JCSAT-16                
1 41729U 16050A   17045.14882173 -.00000112  00000-0  00000+0 0  9990
2 41729   0.0191 126.8088 0002432 202.0531  31.1237  1.00269524  1886
INTELSAT 36 (IS-36)     
1 41747U 16053A   17044.83828410 -.00000045  00000-0  00000+0 0  9997
2 41747   0.0124  67.6264 0003469 277.1559 169.5116  1.00272530  1775
INTELSAT 33E (IS-33E)   
1 41748U 16053B   17045.43154222  .00000029  00000-0  00000+0 0  9999
2 41748   0.0143  89.8100 0002234 243.8075  26.3362  1.00274378  2028
INSAT-3DR               
1 41752U 16054A   17045.39230423 -.00000096  00000-0  00000+0 0  9993
2 41752   0.0945 265.7080 0015104  13.9252  80.1614  1.00271548  1627
GSAT-18                 
1 41793U 16060A   17044.39569545 -.00000099  00000-0  00000+0 0  9997
2 41793   0.0758 265.3513 0004363 181.2533 273.4084  1.00272110  1340
SKY MUSTER 2            
1 41794U 16060B   17045.19663156 -.00000265  00000-0  00000+0 0  9995
2 41794   0.0126 130.6324 0001719 196.3514  33.0055  1.00270337  1383
HIMAWARI-9              
1 41836U 16064A   17044.21052742 -.00000297  00000-0  00000+0 0  9996
2 41836   0.0022 146.0477 0001098 187.4256  26.5211  1.00271203  1103
SHIJIAN-17 (SJ-17)      
1 41838U 16065A   17044.90850419 -.00000104  00000-0  00000+0 0  9999
2 41838   0.9718  86.8909 0007345 331.9342 215.3775  1.00271251  1038
GOES 16                 
1 41866U 16071A   17044.84843581 -.00000203  00000-0  00000+0 0  9992
2 41866   0.0122 277.0759 0001927  84.2957 358.6289  1.00270989   910
TIANLIAN 1-04           
1 41869U 16072A   17045.02911199 -.00000126  00000-0  00000+0 0  9992
2 41869   2.9089 290.7397 0002768 109.5352 191.3377  1.00270675  1115
FENGYUN 4A              
1 41882U 16077A   17044.97361074 -.00000321  00000-0  00000-0 0  9994
2 41882   0.2630 271.8927 0002614 200.9181 121.3150  1.00269586   781
ECHOSTAR 19             
1 41893U 16079A   17044.51088582 -.00000160  00000-0  00000+0 0  9998
2 41893   0.0324 103.7760 0001423 219.6117 267.1209  1.00270688   534
STAR ONE D1             
1 41904U 16082B   17042.36386135 -.00000236  00000-0  00000+0 0  9995
2 41904   0.0388 205.2295 0001474 135.7473 207.5977  1.00271797   562
