ISS (ZARYA)             
1 25544U 98067A   17045.94702083  .00002673  00000-0  47238-4 0  9996
2 25544  51.6441 287.6813 0007159 189.8208 292.2463 15.54366360 42740
TIANGONG 1              
1 37820U 11053A   17045.88835889  .00017327  00000-0  12678-3 0  9991
2 37820  42.7602 225.6326 0019012 292.4753 211.5831 15.72648587308672
SPINSAT                 
1 40314U 98067FL  17045.84970483  .00160672  23531-4  19002-3 0  9997
2 40314  51.6246 183.2996 0004761 309.7852  50.2742 16.08131453178691
AGGIESAT 4              
1 41313U 98067HP  17045.12306057  .00013273  00000-0  12224-3 0  9993
2 41313  51.6370 271.8864 0003315  49.8907 310.2380 15.68005628 59586
BEVO 2                  
1 41314U 98067HQ  17044.95752447  .00041292  00000-0  23065-3 0  9999
2 41314  51.6250 260.6988 0001690  76.7322 283.3867 15.78950389 59518
MINXSS                  
1 41474U 98067HU  17045.16668130  .00044524  00000-0  26225-3 0  9997
2 41474  51.6436 270.7234 0000612 257.2436 102.8497 15.77730848 42849
STMSAT-1                
1 41476U 98067HW  17045.89203713  .00067581  00000-0  35979-3 0  9995
2 41476  51.6353 265.7037 0001911 222.1982 137.8873 15.79803686 42887
NODES 2                 
1 41477U 98067HX  17044.89250908  .00023472  00000-0  20031-3 0  9997
2 41477  51.6344 277.8264 0000563 298.2932  61.8009 15.69395990 42638
NODES 1                 
1 41478U 98067HY  17045.86311201  .00024026  00000-0  20621-3 0  9991
2 41478  51.6346 273.0563 0000584 311.0380  49.0567 15.69242181 42781
FLOCK 2E'-1             
1 41479U 98067HZ  17045.86925044  .00011284  00000-0  12341-3 0  9990
2 41479  51.6406 277.4353 0003057 140.5416 310.9534 15.63845948 42684
FLOCK 2E'-3             
1 41480U 98067JA  17045.89981675  .00010349  00000-0  11275-3 0  9993
2 41480  51.6397 276.9039 0002305 174.8267 277.4142 15.64055519 42690
FLOCK 2E'-2             
1 41481U 98067JB  17045.90371521  .00010775  00000-0  11460-3 0  9998
2 41481  51.6396 276.1584 0003166 140.6469 312.6654 15.64621314 42689
FLOCK 2E'-4             
1 41482U 98067JC  17045.78796605  .00015926  00000-0  16184-3 0  9990
2 41482  51.6390 276.8146 0001670 184.3014 298.9261 15.65359933 42668
FLOCK 2E-1              
1 41483U 98067JD  17045.87142067  .00010203  00000-0  11293-3 0  9997
2 41483  51.6412 277.4943 0001053 227.9371 217.8469 15.63665828 42538
FLOCK 2E-2              
1 41484U 98067JE  17045.89126251  .00011359  00000-0  12059-3 0  9991
2 41484  51.6434 276.8808 0000675 210.9428 238.8983 15.64601359 42545
LEMUR-2-THERESACONDOR   
1 41485U 98067JF  17045.85709413  .00083374  00000-0  34522-3 0  9990
2 41485  51.6348 263.7311 0003580 187.3476 263.1619 15.85097512 42676
FLOCK 2E-3              
1 41486U 98067JG  17045.88995123  .00009709  00000-0  11072-3 0  9994
2 41486  51.6411 278.3583 0000624 342.2424 106.6801 15.62955800 42551
FLOCK 2E-4              
1 41487U 98067JH  17045.68838637  .00010730  00000-0  11795-3 0  9997
2 41487  51.6411 278.4679 0001209 349.0226 111.2318 15.63777210 42535
LEMUR-2-NICK-ALLAIN     
1 41488U 98067JJ  17045.81719267  .00066280  00000-0  30374-3 0  9995
2 41488  51.6394 265.0668 0003780 183.6876 236.8151 15.83049378 42656
LEMUR-2-KANE            
1 41489U 98067JK  17045.65381206  .00085164  00000-0  39002-3 0  9995
2 41489  51.6388 265.5212 0002831 187.4959 212.6312 15.82970205 41886
LEMUR-2-JEFF            
1 41490U 98067JL  17045.71619510  .00123994  00000-0  44323-3 0  9992
2 41490  51.6369 262.8814 0003776 203.1654 196.1672 15.87954464 42679
FLOCK 2E-6              
1 41563U 98067JM  17044.94799416  .00009306  00000-0  10666-3 0  9994
2 41563  51.6417 283.2778 0003269 136.7246 321.5213 15.62890170 40461
FLOCK 2E-5              
1 41564U 98067JN  17045.90685464  .00009331  00000-0  10745-3 0  9995
2 41564  51.6401 278.4488 0002732 142.0517 309.9059 15.62762368 40605
FLOCK 2E-7              
1 41565U 98067JP  17045.90241420  .00012231  00000-0  12991-3 0  9994
2 41565  51.6398 276.9057 0002599  48.0814  43.6161 15.64501591 40520
FLOCK 2E-8              
1 41566U 98067JQ  17045.69741603  .00026657  00000-0  19384-3 0  9999
2 41566  51.6373 272.4550 0000153  40.7858  68.7719 15.73148499 40558
FLOCK 2E'-5             
1 41567U 98067JR  17045.90582378  .00008920  00000-0  10549-3 0  9993
2 41567  51.6415 279.1938 0003888  58.4004  33.6884 15.62133601 40468
FLOCK 2E'-6             
1 41568U 98067JS  17045.87195072  .00010671  00000-0  11947-3 0  9990
2 41568  51.6402 278.1967 0003495  67.1530  27.7195 15.63310996 40500
FLOCK 2E'-8             
1 41569U 98067JT  17045.76275657  .00012339  00000-0  13059-3 0  9996
2 41569  51.6401 277.4338 0000438 126.4185 349.7610 15.64582226 40386
FLOCK 2E'-7             
1 41570U 98067JU  17045.74324499  .00016596  00000-0  16393-3 0  9998
2 41570  51.6404 276.5718 0000775 277.1888 194.9107 15.66039112 40419
FLOCK 2E-9              
1 41571U 98067JV  17045.85268650  .00013324  00000-0  13797-3 0  9998
2 41571  51.6409 276.6003 0002548  44.2805  43.5839 15.65056867 40387
FLOCK 2E-10             
1 41572U 98067JW  17045.86187240  .00011699  00000-0  12696-3 0  9995
2 41572  51.6398 277.4110 0003296  46.6153  41.7203 15.64002334 40379
FLOCK 2E-12             
1 41573U 98067JX  17045.84666608  .00013401  00000-0  14215-3 0  9996
2 41573  51.6412 277.3042 0003321  71.2689  16.6771 15.64434462 40379
FLOCK 2E-11             
1 41574U 98067JY  17045.67031407  .00012240  00000-0  12906-3 0  9996
2 41574  51.6390 277.5751 0003872  67.1231  32.5339 15.64688431 40354
FLOCK 2E'-9             
1 41575U 98067JZ  17045.72291344  .00013031  00000-0  13445-3 0  9999
2 41575  51.6380 277.1421 0004235  79.3838  30.5957 15.65170932 40353
FLOCK 2E'-10            
1 41576U 98067KA  17045.90793808  .00012471  00000-0  13226-3 0  9996
2 41576  51.6411 276.9651 0004011  85.5005   7.4666 15.64518543 40272
FLOCK 2E'-11            
1 41577U 98067KB  17045.84709184  .00011680  00000-0  12560-3 0  9995
2 41577  51.6414 277.3234 0003733  55.1393  32.0662 15.64238807 40082
FLOCK 2E'-12            
1 41578U 98067KC  17045.91738668  .00013833  00000-0  14435-3 0  9998
2 41578  51.6402 276.9931 0003429  42.0387  53.8483 15.64820207 40093
FLOCK 2E'-13            
1 41761U 98067KH  17045.70724480  .00007221  00000-0  10108-3 0  9993
2 41761  51.6437 286.1199 0008633 158.9243 309.0414 15.57963408 23795
FLOCK 2E'-14            
1 41762U 98067KJ  17045.89200043  .00006693  00000-0  93937-4 0  9992
2 41762  51.6434 285.1301 0008278 158.6949 295.9524 15.58035730 23820
FLOCK 2E'-16            
1 41763U 98067KK  17045.69959074  .00008396  00000-0  11517-3 0  9991
2 41763  51.6426 286.0729 0007550 164.5223 301.8041 15.58260084 23754
FLOCK 2E'-15            
1 41764U 98067KL  17045.90173001  .00007144  00000-0  10029-3 0  9991
2 41764  51.6431 285.2014 0008052 164.5965 289.8224 15.57906119 23786
TIANGONG-2              
1 41765U 16057A   17045.79844134  .00007443  00000-0  77639-4 0  9993
2 41765  42.7861   5.5985 0005820  94.2517 344.2818 15.64988279 23844
FLOCK 2E'-18            
1 41769U 98067KM  17045.89130822  .00006346  00000-0  89542-4 0  9998
2 41769  51.6428 285.1351 0006176 180.8713 269.6316 15.58005023 23780
FLOCK 2E'-17            
1 41776U 98067KN  17045.76289834  .00006847  00000-0  95925-4 0  9998
2 41776  51.6447 285.7421 0006476 181.2211 288.0147 15.58048880 23756
FLOCK 2E'-19            
1 41777U 98067KP  17045.89151497  .00008608  00000-0  11353-3 0  9995
2 41777  51.6429 284.3813 0006461 178.8595 271.6434 15.59287123 23740
FLOCK 2E'-20            
1 41782U 98067KQ  17045.91107296  .00007938  00000-0  10675-3 0  9993
2 41782  51.6420 284.5165 0006186 175.8583 274.4060 15.58894692 23613
SOYUZ-MS 02             
1 41820U 16063A   17043.74936190  .00003200  00000-0  55137-4 0  9995
2 41820  51.6455 298.6393 0007310 182.4274 234.0651 15.54354116 18119
BANXING-2               
1 41834U 16057H   17045.79944728  .00008101  00000-0  84027-4 0  9991
2 41834  42.7853   5.6057 0005832  98.9202 340.0545 15.65020916 17916
SOYUZ-MS 03             
1 41864U 16070A   17043.74936190  .00003200  00000-0  55137-4 0  9991
2 41864  51.6455 298.6393 0007310 182.4274 234.0651 15.54354116 13527
STARS-C                 
1 41895U 98067KR  17045.88614843  .00011390  00000-0  16718-3 0  9996
2 41895  51.6496 287.5270 0006096 201.0737 158.9965 15.56009966  8910
TANCREDO-1              
1 41931U 98067KT  17045.51059168  .00021512  00000-0  30222-3 0  9993
2 41931  51.6557 289.5143 0010559 170.8660 189.2496 15.56587281  4426
ITF-2                   
1 41932U 98067KU  17045.84373383  .00009527  00000-0  14344-3 0  9997
2 41932  51.6431 287.9944 0008155 168.8698 191.2468 15.55527220  4479
WASEDA-SAT3             
1 41933U 98067KV  17038.19825588  .00015666  00000-0  23254-3 0  9998
2 41933  51.6446 326.1788 0007720 144.1346 216.0147 15.55365472  3289
EGG                     
1 41934U 98067KW  17045.84618221  .00041741  00000-0  60101-3 0  9998
2 41934  51.6434 288.0119 0012224 172.3131 187.8054 15.55530320  4561
AOBA-VELOX 3            
1 41935U 98067KX  17045.52386583  .00009807  00000-0  14796-3 0  9993
2 41935  51.6442 289.6096 0007353 170.1709 189.9421 15.55436599  4526
TUPOD                   
1 41936U 98067KY  17045.12704542  .00026683  00000-0  37250-3 0  9990
2 41936  51.6453 291.4569 0009073 172.6505 187.4590 15.56637129  3844
OSNSAT                  
1 41939U 98067KZ  17045.89975926  .00015830  00000-0  22768-3 0  9993
2 41939  51.6509 287.6207 0010531 170.4835 189.6366 15.56190872  3831
