width 256
lower 0.0
upper 1.0
mappingkey 0 0 0 0 255
mappingkey 0.00392157 0 10 1 255
mappingkey 0.00784314 0 14 2 255
mappingkey 0.0117647 0 18 3 255
mappingkey 0.0156863 0 20 4 255
mappingkey 0.0196078 0 23 5 255
mappingkey 0.0235294 0 26 6 255
mappingkey 0.027451 0 28 7 255
mappingkey 0.0313726 0 30 8 255
mappingkey 0.0352941 0 31 9 255
mappingkey 0.0392157 0 33 10 255
mappingkey 0.0431373 0 34 11 255
mappingkey 0.0470588 0 36 12 255
mappingkey 0.0509804 0 38 13 255
mappingkey 0.054902 0 39 14 255
mappingkey 0.0588235 0 40 15 255
mappingkey 0.0627451 1 42 16 255
mappingkey 0.0666667 1 43 17 255
mappingkey 0.0705882 1 45 18 255
mappingkey 0.0745098 1 46 19 255
mappingkey 0.0784314 1 47 20 255
mappingkey 0.0823529 1 49 21 255
mappingkey 0.0862745 1 49 22 255
mappingkey 0.0901961 2 51 23 255
mappingkey 0.0941176 2 52 24 255
mappingkey 0.0980392 2 53 25 255
mappingkey 0.101961 2 54 26 255
mappingkey 0.105882 2 55 27 255
mappingkey 0.109804 3 57 28 255
mappingkey 0.113725 3 57 29 255
mappingkey 0.117647 3 59 30 255
mappingkey 0.121569 3 59 31 255
mappingkey 0.12549 4 61 32 255
mappingkey 0.129412 4 62 33 255
mappingkey 0.133333 4 63 34 255
mappingkey 0.137255 4 64 35 255
mappingkey 0.141176 5 65 36 255
mappingkey 0.145098 5 66 37 255
mappingkey 0.14902 5 67 38 255
mappingkey 0.152941 5 67 39 255
mappingkey 0.156863 6 68 40 255
mappingkey 0.160784 6 70 41 255
mappingkey 0.164706 6 70 42 255
mappingkey 0.168627 7 71 43 255
mappingkey 0.172549 7 72 44 255
mappingkey 0.176471 7 73 45 255
mappingkey 0.180392 8 74 46 255
mappingkey 0.184314 8 75 47 255
mappingkey 0.188235 9 76 48 255
mappingkey 0.192157 9 77 49 255
mappingkey 0.196078 9 77 50 255
mappingkey 0.2 10 79 51 255
mappingkey 0.203922 10 80 52 255
mappingkey 0.207843 11 81 53 255
mappingkey 0.211765 11 81 54 255
mappingkey 0.215686 11 82 55 255
mappingkey 0.219608 12 83 56 255
mappingkey 0.223529 12 84 57 255
mappingkey 0.227451 13 85 58 255
mappingkey 0.231373 13 85 59 255
mappingkey 0.235294 14 86 60 255
mappingkey 0.239216 14 87 61 255
mappingkey 0.243137 15 88 62 255
mappingkey 0.247059 15 89 63 255
mappingkey 0.25098 16 90 64 255
mappingkey 0.254902 16 90 65 255
mappingkey 0.258824 17 91 66 255
mappingkey 0.262745 17 92 67 255
mappingkey 0.266667 18 93 68 255
mappingkey 0.270588 18 94 69 255
mappingkey 0.27451 19 95 70 255
mappingkey 0.278431 19 95 71 255
mappingkey 0.282353 20 96 72 255
mappingkey 0.286275 20 97 73 255
mappingkey 0.290196 21 98 74 255
mappingkey 0.294118 22 99 75 255
mappingkey 0.298039 22 100 76 255
mappingkey 0.301961 23 101 77 255
mappingkey 0.305882 23 101 78 255
mappingkey 0.309804 24 102 79 255
mappingkey 0.313726 25 103 80 255
mappingkey 0.317647 25 103 81 255
mappingkey 0.321569 26 104 82 255
mappingkey 0.32549 27 105 83 255
mappingkey 0.329412 27 106 84 255
mappingkey 0.333333 28 107 85 255
mappingkey 0.337255 29 108 86 255
mappingkey 0.341176 29 108 87 255
mappingkey 0.345098 30 109 88 255
mappingkey 0.34902 31 110 89 255
mappingkey 0.352941 31 111 90 255
mappingkey 0.356863 32 112 91 255
mappingkey 0.360784 33 113 92 255
mappingkey 0.364706 33 113 93 255
mappingkey 0.368627 34 114 94 255
mappingkey 0.372549 35 115 95 255
mappingkey 0.376471 36 116 96 255
mappingkey 0.380392 36 116 97 255
mappingkey 0.384314 37 117 98 255
mappingkey 0.388235 38 118 99 255
mappingkey 0.392157 39 119 100 255
mappingkey 0.396078 40 120 101 255
mappingkey 0.4 40 120 102 255
mappingkey 0.403922 41 121 103 255
mappingkey 0.407843 42 122 104 255
mappingkey 0.411765 43 123 105 255
mappingkey 0.415686 44 124 106 255
mappingkey 0.419608 44 124 107 255
mappingkey 0.423529 45 125 108 255
mappingkey 0.427451 46 126 109 255
mappingkey 0.431373 47 127 110 255
mappingkey 0.435294 48 128 111 255
mappingkey 0.439216 49 128 112 255
mappingkey 0.443137 50 129 113 255
mappingkey 0.447059 50 130 114 255
mappingkey 0.45098 51 131 115 255
mappingkey 0.454902 52 131 116 255
mappingkey 0.458824 53 132 117 255
mappingkey 0.462745 54 133 118 255
mappingkey 0.466667 55 134 119 255
mappingkey 0.470588 56 134 120 255
mappingkey 0.47451 57 135 121 255
mappingkey 0.478431 58 136 122 255
mappingkey 0.482353 59 137 123 255
mappingkey 0.486275 60 138 124 255
mappingkey 0.490196 61 139 125 255
mappingkey 0.494118 62 140 126 255
mappingkey 0.498039 63 140 127 255
mappingkey 0.501961 64 141 128 255
mappingkey 0.505882 65 142 129 255
mappingkey 0.509804 66 143 130 255
mappingkey 0.513726 67 143 131 255
mappingkey 0.517647 68 144 132 255
mappingkey 0.521569 69 145 133 255
mappingkey 0.52549 70 146 134 255
mappingkey 0.529412 71 147 135 255
mappingkey 0.533333 72 148 136 255
mappingkey 0.537255 73 148 137 255
mappingkey 0.541176 74 149 138 255
mappingkey 0.545098 75 150 139 255
mappingkey 0.54902 76 150 140 255
mappingkey 0.552941 77 151 141 255
mappingkey 0.556863 79 153 142 255
mappingkey 0.560784 80 153 143 255
mappingkey 0.564706 81 154 144 255
mappingkey 0.568627 82 155 145 255
mappingkey 0.572549 83 155 146 255
mappingkey 0.576471 84 156 147 255
mappingkey 0.580392 85 157 148 255
mappingkey 0.584314 87 158 149 255
mappingkey 0.588235 88 159 150 255
mappingkey 0.592157 89 160 151 255
mappingkey 0.596078 90 160 152 255
mappingkey 0.6 91 161 153 255
mappingkey 0.603922 93 163 154 255
mappingkey 0.607843 94 163 155 255
mappingkey 0.611765 95 164 156 255
mappingkey 0.615686 96 165 157 255
mappingkey 0.619608 97 165 158 255
mappingkey 0.623529 99 167 159 255
mappingkey 0.627451 100 167 160 255
mappingkey 0.631373 101 168 161 255
mappingkey 0.635294 102 169 162 255
mappingkey 0.639216 104 170 163 255
mappingkey 0.643137 105 171 164 255
mappingkey 0.647059 106 172 165 255
mappingkey 0.65098 108 172 166 255
mappingkey 0.654902 109 173 167 255
mappingkey 0.658824 110 174 168 255
mappingkey 0.662745 112 175 169 255
mappingkey 0.666667 113 176 170 255
mappingkey 0.670588 114 176 171 255
mappingkey 0.67451 116 178 172 255
mappingkey 0.678431 117 179 173 255
mappingkey 0.682353 118 179 174 255
mappingkey 0.686275 120 180 175 255
mappingkey 0.690196 121 181 176 255
mappingkey 0.694118 122 182 177 255
mappingkey 0.698039 124 183 178 255
mappingkey 0.701961 125 183 179 255
mappingkey 0.705882 127 185 180 255
mappingkey 0.709804 128 185 181 255
mappingkey 0.713726 129 186 182 255
mappingkey 0.717647 131 187 183 255
mappingkey 0.721569 132 188 184 255
mappingkey 0.72549 134 189 185 255
mappingkey 0.729412 135 189 186 255
mappingkey 0.733333 137 191 187 255
mappingkey 0.737255 138 191 188 255
mappingkey 0.741176 140 192 189 255
mappingkey 0.745098 141 193 190 255
mappingkey 0.74902 143 194 191 255
mappingkey 0.752941 144 195 192 255
mappingkey 0.756863 146 196 193 255
mappingkey 0.760784 147 197 194 255
mappingkey 0.764706 149 197 195 255
mappingkey 0.768627 150 198 196 255
mappingkey 0.772549 152 200 197 255
mappingkey 0.776471 153 200 198 255
mappingkey 0.780392 155 201 199 255
mappingkey 0.784314 156 202 200 255
mappingkey 0.788235 158 203 201 255
mappingkey 0.792157 160 204 202 255
mappingkey 0.796078 161 205 203 255
mappingkey 0.8 163 206 204 255
mappingkey 0.803922 164 206 205 255
mappingkey 0.807843 166 208 206 255
mappingkey 0.811765 168 208 207 255
mappingkey 0.815686 169 209 208 255
mappingkey 0.819608 171 210 209 255
mappingkey 0.823529 172 211 210 255
mappingkey 0.827451 174 212 211 255
mappingkey 0.831373 176 213 212 255
mappingkey 0.835294 177 214 213 255
mappingkey 0.839216 179 215 214 255
mappingkey 0.843137 181 216 215 255
mappingkey 0.847059 182 216 216 255
mappingkey 0.85098 184 218 217 255
mappingkey 0.854902 186 218 218 255
mappingkey 0.858824 188 220 219 255
mappingkey 0.862745 189 220 220 255
mappingkey 0.866667 191 221 221 255
mappingkey 0.870588 193 222 222 255
mappingkey 0.87451 195 223 223 255
mappingkey 0.878431 196 224 224 255
mappingkey 0.882353 198 225 225 255
mappingkey 0.886275 200 226 226 255
mappingkey 0.890196 202 227 227 255
mappingkey 0.894118 203 228 228 255
mappingkey 0.898039 205 229 229 255
mappingkey 0.901961 207 230 230 255
mappingkey 0.905882 209 231 231 255
mappingkey 0.909804 211 232 232 255
mappingkey 0.913725 212 232 233 255
mappingkey 0.917647 214 234 234 255
mappingkey 0.921569 216 234 235 255
mappingkey 0.92549 218 236 236 255
mappingkey 0.929412 220 236 237 255
mappingkey 0.933333 222 238 238 255
mappingkey 0.937255 224 238 239 255
mappingkey 0.941176 225 239 240 255
mappingkey 0.945098 227 240 241 255
mappingkey 0.94902 229 241 242 255
mappingkey 0.952941 231 242 243 255
mappingkey 0.956863 233 243 244 255
mappingkey 0.960784 235 244 245 255
mappingkey 0.964706 237 245 246 255
mappingkey 0.968627 239 246 247 255
mappingkey 0.972549 241 247 248 255
mappingkey 0.976471 243 248 249 255
mappingkey 0.980392 245 249 250 255
mappingkey 0.984314 247 250 251 255
mappingkey 0.988235 249 251 252 255
mappingkey 0.992157 251 252 253 255
mappingkey 0.996078 253 253 254 255
mappingkey 1 255 255 255 255
