width 256
lower 0.0
upper 1.0
mappingkey 0 0 0 0 255
mappingkey 0.00392157 0 1 1 255
mappingkey 0.00784314 0 2 2 255
mappingkey 0.0117647 0 4 4 255
mappingkey 0.0156863 0 5 5 255
mappingkey 0.0196078 0 7 7 255
mappingkey 0.0235294 0 8 8 255
mappingkey 0.027451 0 10 10 255
mappingkey 0.0313726 0 11 11 255
mappingkey 0.0352941 0 13 13 255
mappingkey 0.0392157 0 14 14 255
mappingkey 0.0431373 0 15 15 255
mappingkey 0.0470588 0 17 17 255
mappingkey 0.0509804 0 18 18 255
mappingkey 0.054902 0 20 20 255
mappingkey 0.0588235 0 21 21 255
mappingkey 0.0627451 0 23 23 255
mappingkey 0.0666667 0 24 24 255
mappingkey 0.0705882 0 26 26 255
mappingkey 0.0745098 0 27 27 255
mappingkey 0.0784314 0 28 28 255
mappingkey 0.0823529 0 30 30 255
mappingkey 0.0862745 0 31 31 255
mappingkey 0.0901961 0 33 33 255
mappingkey 0.0941176 0 34 34 255
mappingkey 0.0980392 0 36 36 255
mappingkey 0.101961 0 37 37 255
mappingkey 0.105882 0 39 39 255
mappingkey 0.109804 0 40 40 255
mappingkey 0.113725 0 42 42 255
mappingkey 0.117647 0 43 43 255
mappingkey 0.121569 0 44 44 255
mappingkey 0.12549 0 46 46 255
mappingkey 0.129412 0 47 47 255
mappingkey 0.133333 0 49 49 255
mappingkey 0.137255 0 50 50 255
mappingkey 0.141176 0 52 52 255
mappingkey 0.145098 0 53 53 255
mappingkey 0.14902 0 55 55 255
mappingkey 0.152941 0 56 56 255
mappingkey 0.156863 0 57 57 255
mappingkey 0.160784 0 59 59 255
mappingkey 0.164706 0 60 60 255
mappingkey 0.168627 0 62 62 255
mappingkey 0.172549 0 63 63 255
mappingkey 0.176471 0 65 65 255
mappingkey 0.180392 0 66 66 255
mappingkey 0.184314 0 68 68 255
mappingkey 0.188235 0 69 69 255
mappingkey 0.192157 0 70 70 255
mappingkey 0.196078 0 72 72 255
mappingkey 0.2 0 73 73 255
mappingkey 0.203922 0 75 75 255
mappingkey 0.207843 0 76 76 255
mappingkey 0.211765 0 78 78 255
mappingkey 0.215686 0 79 79 255
mappingkey 0.219608 0 81 81 255
mappingkey 0.223529 0 82 82 255
mappingkey 0.227451 0 84 84 255
mappingkey 0.231373 0 85 85 255
mappingkey 0.235294 0 86 86 255
mappingkey 0.239216 0 88 88 255
mappingkey 0.243137 0 89 89 255
mappingkey 0.247059 0 91 91 255
mappingkey 0.25098 0 92 92 255
mappingkey 0.254902 0 94 94 255
mappingkey 0.258824 0 95 95 255
mappingkey 0.262745 0 97 97 255
mappingkey 0.266667 0 98 98 255
mappingkey 0.270588 0 99 99 255
mappingkey 0.27451 0 101 101 255
mappingkey 0.278431 0 102 102 255
mappingkey 0.282353 0 104 104 255
mappingkey 0.286275 0 105 105 255
mappingkey 0.290196 0 107 107 255
mappingkey 0.294118 0 108 108 255
mappingkey 0.298039 0 110 110 255
mappingkey 0.301961 0 111 111 255
mappingkey 0.305882 0 113 113 255
mappingkey 0.309804 0 114 114 255
mappingkey 0.313726 0 115 115 255
mappingkey 0.317647 0 117 117 255
mappingkey 0.321569 0 118 118 255
mappingkey 0.32549 0 120 120 255
mappingkey 0.329412 0 121 121 255
mappingkey 0.333333 0 123 123 255
mappingkey 0.337255 0 124 124 255
mappingkey 0.341176 0 126 126 255
mappingkey 0.345098 0 127 127 255
mappingkey 0.34902 0 128 128 255
mappingkey 0.352941 0 130 130 255
mappingkey 0.356863 0 131 131 255
mappingkey 0.360784 0 133 133 255
mappingkey 0.364706 0 134 134 255
mappingkey 0.368627 0 136 136 255
mappingkey 0.372549 0 137 137 255
mappingkey 0.376471 0 139 139 255
mappingkey 0.380392 0 140 140 255
mappingkey 0.384314 0 141 141 255
mappingkey 0.388235 0 143 143 255
mappingkey 0.392157 0 144 144 255
mappingkey 0.396078 0 146 146 255
mappingkey 0.4 0 147 147 255
mappingkey 0.403922 0 149 149 255
mappingkey 0.407843 0 150 150 255
mappingkey 0.411765 0 152 152 255
mappingkey 0.415686 0 153 153 255
mappingkey 0.419608 0 155 155 255
mappingkey 0.423529 0 156 156 255
mappingkey 0.427451 0 157 157 255
mappingkey 0.431373 0 159 159 255
mappingkey 0.435294 0 160 160 255
mappingkey 0.439216 0 162 162 255
mappingkey 0.443137 0 163 163 255
mappingkey 0.447059 0 165 165 255
mappingkey 0.45098 0 166 166 255
mappingkey 0.454902 0 168 168 255
mappingkey 0.458824 0 169 169 255
mappingkey 0.462745 0 170 170 255
mappingkey 0.466667 0 172 172 255
mappingkey 0.470588 0 173 173 255
mappingkey 0.47451 1 175 175 255
mappingkey 0.478431 3 176 176 255
mappingkey 0.482353 5 178 178 255
mappingkey 0.486275 7 179 179 255
mappingkey 0.490196 9 181 181 255
mappingkey 0.494118 11 182 182 255
mappingkey 0.498039 13 184 184 255
mappingkey 0.501961 15 185 185 255
mappingkey 0.505882 17 186 186 255
mappingkey 0.509804 18 188 188 255
mappingkey 0.513726 20 189 189 255
mappingkey 0.517647 22 191 191 255
mappingkey 0.521569 24 192 192 255
mappingkey 0.52549 26 194 194 255
mappingkey 0.529412 28 195 195 255
mappingkey 0.533333 30 197 197 255
mappingkey 0.537255 32 198 198 255
mappingkey 0.541176 34 199 199 255
mappingkey 0.545098 35 201 201 255
mappingkey 0.54902 37 202 202 255
mappingkey 0.552941 39 204 204 255
mappingkey 0.556863 41 205 205 255
mappingkey 0.560784 43 207 207 255
mappingkey 0.564706 45 208 208 255
mappingkey 0.568627 47 210 210 255
mappingkey 0.572549 49 211 211 255
mappingkey 0.576471 51 212 212 255
mappingkey 0.580392 52 214 214 255
mappingkey 0.584314 54 215 215 255
mappingkey 0.588235 56 217 217 255
mappingkey 0.592157 58 218 218 255
mappingkey 0.596078 60 220 220 255
mappingkey 0.6 62 221 221 255
mappingkey 0.603922 64 223 223 255
mappingkey 0.607843 66 224 224 255
mappingkey 0.611765 68 226 226 255
mappingkey 0.615686 69 227 227 255
mappingkey 0.619608 71 228 228 255
mappingkey 0.623529 73 230 230 255
mappingkey 0.627451 75 231 231 255
mappingkey 0.631373 77 233 233 255
mappingkey 0.635294 79 234 234 255
mappingkey 0.639216 81 236 236 255
mappingkey 0.643137 83 237 237 255
mappingkey 0.647059 85 239 239 255
mappingkey 0.65098 86 240 240 255
mappingkey 0.654902 88 241 241 255
mappingkey 0.658824 90 243 243 255
mappingkey 0.662745 92 244 244 255
mappingkey 0.666667 94 246 246 255
mappingkey 0.670588 96 247 247 255
mappingkey 0.67451 98 249 249 255
mappingkey 0.678431 100 250 250 255
mappingkey 0.682353 102 252 252 255
mappingkey 0.686275 103 253 253 255
mappingkey 0.690196 105 255 255 255
mappingkey 0.694118 107 255 255 255
mappingkey 0.698039 109 255 255 255
mappingkey 0.701961 111 255 255 255
mappingkey 0.705882 113 255 255 255
mappingkey 0.709804 115 255 255 255
mappingkey 0.713726 117 255 255 255
mappingkey 0.717647 119 255 255 255
mappingkey 0.721569 120 255 255 255
mappingkey 0.72549 122 255 255 255
mappingkey 0.729412 124 255 255 255
mappingkey 0.733333 126 255 255 255
mappingkey 0.737255 128 255 255 255
mappingkey 0.741176 130 255 255 255
mappingkey 0.745098 132 255 255 255
mappingkey 0.74902 134 255 255 255
mappingkey 0.752941 136 255 255 255
mappingkey 0.756863 137 255 255 255
mappingkey 0.760784 139 255 255 255
mappingkey 0.764706 141 255 255 255
mappingkey 0.768627 143 255 255 255
mappingkey 0.772549 145 255 255 255
mappingkey 0.776471 147 255 255 255
mappingkey 0.780392 149 255 255 255
mappingkey 0.784314 151 255 255 255
mappingkey 0.788235 153 255 255 255
mappingkey 0.792157 154 255 255 255
mappingkey 0.796078 156 255 255 255
mappingkey 0.8 158 255 255 255
mappingkey 0.803922 160 255 255 255
mappingkey 0.807843 162 255 255 255
mappingkey 0.811765 164 255 255 255
mappingkey 0.815686 166 255 255 255
mappingkey 0.819608 168 255 255 255
mappingkey 0.823529 170 255 255 255
mappingkey 0.827451 171 255 255 255
mappingkey 0.831373 173 255 255 255
mappingkey 0.835294 175 255 255 255
mappingkey 0.839216 177 255 255 255
mappingkey 0.843137 179 255 255 255
mappingkey 0.847059 181 255 255 255
mappingkey 0.85098 183 255 255 255
mappingkey 0.854902 185 255 255 255
mappingkey 0.858824 187 255 255 255
mappingkey 0.862745 188 255 255 255
mappingkey 0.866667 190 255 255 255
mappingkey 0.870588 192 255 255 255
mappingkey 0.87451 194 255 255 255
mappingkey 0.878431 196 255 255 255
mappingkey 0.882353 198 255 255 255
mappingkey 0.886275 200 255 255 255
mappingkey 0.890196 202 255 255 255
mappingkey 0.894118 204 255 255 255
mappingkey 0.898039 205 255 255 255
mappingkey 0.901961 207 255 255 255
mappingkey 0.905882 209 255 255 255
mappingkey 0.909804 211 255 255 255
mappingkey 0.913725 213 255 255 255
mappingkey 0.917647 215 255 255 255
mappingkey 0.921569 217 255 255 255
mappingkey 0.92549 219 255 255 255
mappingkey 0.929412 221 255 255 255
mappingkey 0.933333 222 255 255 255
mappingkey 0.937255 224 255 255 255
mappingkey 0.941176 226 255 255 255
mappingkey 0.945098 228 255 255 255
mappingkey 0.94902 230 255 255 255
mappingkey 0.952941 232 255 255 255
mappingkey 0.956863 234 255 255 255
mappingkey 0.960784 236 255 255 255
mappingkey 0.964706 238 255 255 255
mappingkey 0.968627 239 255 255 255
mappingkey 0.972549 241 255 255 255
mappingkey 0.976471 243 255 255 255
mappingkey 0.980392 245 255 255 255
mappingkey 0.984314 247 255 255 255
mappingkey 0.988235 249 255 255 255
mappingkey 0.992157 251 255 255 255
mappingkey 0.996078 253 255 255 255
mappingkey 1 255 255 255 255
