width 256
lower 0.0
upper 1.0
mappingkey 0 0 0 0 255
mappingkey 0.00392157 1 1 0 255
mappingkey 0.00784314 2 2 0 255
mappingkey 0.0117647 4 3 0 255
mappingkey 0.0156863 5 4 0 255
mappingkey 0.0196078 7 5 0 255
mappingkey 0.0235294 8 6 0 255
mappingkey 0.027451 10 7 0 255
mappingkey 0.0313726 11 8 0 255
mappingkey 0.0352941 13 9 0 255
mappingkey 0.0392157 14 10 0 255
mappingkey 0.0431373 15 11 0 255
mappingkey 0.0470588 17 12 0 255
mappingkey 0.0509804 18 13 0 255
mappingkey 0.054902 20 14 0 255
mappingkey 0.0588235 21 15 0 255
mappingkey 0.0627451 23 16 0 255
mappingkey 0.0666667 24 17 0 255
mappingkey 0.0705882 26 18 0 255
mappingkey 0.0745098 27 19 0 255
mappingkey 0.0784314 28 20 0 255
mappingkey 0.0823529 30 21 0 255
mappingkey 0.0862745 31 22 0 255
mappingkey 0.0901961 33 23 0 255
mappingkey 0.0941176 34 24 0 255
mappingkey 0.0980392 36 25 0 255
mappingkey 0.101961 37 26 0 255
mappingkey 0.105882 39 27 0 255
mappingkey 0.109804 40 28 0 255
mappingkey 0.113725 42 29 0 255
mappingkey 0.117647 43 30 0 255
mappingkey 0.121569 44 31 0 255
mappingkey 0.12549 46 32 0 255
mappingkey 0.129412 47 33 0 255
mappingkey 0.133333 49 34 0 255
mappingkey 0.137255 50 35 0 255
mappingkey 0.141176 52 36 0 255
mappingkey 0.145098 53 37 0 255
mappingkey 0.14902 55 38 0 255
mappingkey 0.152941 56 39 0 255
mappingkey 0.156863 57 40 0 255
mappingkey 0.160784 59 41 0 255
mappingkey 0.164706 60 42 0 255
mappingkey 0.168627 62 43 0 255
mappingkey 0.172549 63 44 0 255
mappingkey 0.176471 65 45 0 255
mappingkey 0.180392 66 46 0 255
mappingkey 0.184314 68 47 0 255
mappingkey 0.188235 69 48 0 255
mappingkey 0.192157 70 49 0 255
mappingkey 0.196078 72 50 0 255
mappingkey 0.2 73 51 0 255
mappingkey 0.203922 75 52 0 255
mappingkey 0.207843 76 53 0 255
mappingkey 0.211765 78 54 0 255
mappingkey 0.215686 79 55 0 255
mappingkey 0.219608 81 56 0 255
mappingkey 0.223529 82 57 0 255
mappingkey 0.227451 84 58 0 255
mappingkey 0.231373 85 59 0 255
mappingkey 0.235294 86 60 0 255
mappingkey 0.239216 88 61 0 255
mappingkey 0.243137 89 62 0 255
mappingkey 0.247059 91 63 0 255
mappingkey 0.25098 92 64 0 255
mappingkey 0.254902 94 65 0 255
mappingkey 0.258824 95 66 0 255
mappingkey 0.262745 97 67 0 255
mappingkey 0.266667 98 68 0 255
mappingkey 0.270588 99 69 0 255
mappingkey 0.27451 101 70 0 255
mappingkey 0.278431 102 71 0 255
mappingkey 0.282353 104 72 0 255
mappingkey 0.286275 105 73 0 255
mappingkey 0.290196 107 74 0 255
mappingkey 0.294118 108 75 0 255
mappingkey 0.298039 110 76 0 255
mappingkey 0.301961 111 77 0 255
mappingkey 0.305882 113 78 0 255
mappingkey 0.309804 114 79 0 255
mappingkey 0.313726 115 80 0 255
mappingkey 0.317647 117 81 0 255
mappingkey 0.321569 118 82 0 255
mappingkey 0.32549 120 83 0 255
mappingkey 0.329412 121 84 0 255
mappingkey 0.333333 123 85 0 255
mappingkey 0.337255 124 86 0 255
mappingkey 0.341176 126 87 0 255
mappingkey 0.345098 127 88 0 255
mappingkey 0.34902 128 89 0 255
mappingkey 0.352941 130 90 0 255
mappingkey 0.356863 131 91 0 255
mappingkey 0.360784 133 92 0 255
mappingkey 0.364706 134 93 0 255
mappingkey 0.368627 136 94 0 255
mappingkey 0.372549 137 95 0 255
mappingkey 0.376471 139 96 0 255
mappingkey 0.380392 140 97 0 255
mappingkey 0.384314 141 98 0 255
mappingkey 0.388235 143 99 0 255
mappingkey 0.392157 144 100 0 255
mappingkey 0.396078 146 101 0 255
mappingkey 0.4 147 102 0 255
mappingkey 0.403922 149 103 0 255
mappingkey 0.407843 150 104 0 255
mappingkey 0.411765 152 105 0 255
mappingkey 0.415686 153 106 0 255
mappingkey 0.419608 155 107 0 255
mappingkey 0.423529 156 108 0 255
mappingkey 0.427451 157 109 0 255
mappingkey 0.431373 159 110 0 255
mappingkey 0.435294 160 111 0 255
mappingkey 0.439216 162 112 0 255
mappingkey 0.443137 163 113 0 255
mappingkey 0.447059 165 114 0 255
mappingkey 0.45098 166 115 0 255
mappingkey 0.454902 168 116 0 255
mappingkey 0.458824 169 117 0 255
mappingkey 0.462745 170 118 0 255
mappingkey 0.466667 172 119 0 255
mappingkey 0.470588 173 120 0 255
mappingkey 0.47451 175 121 0 255
mappingkey 0.478431 176 122 0 255
mappingkey 0.482353 178 123 0 255
mappingkey 0.486275 179 124 0 255
mappingkey 0.490196 181 125 0 255
mappingkey 0.494118 182 126 0 255
mappingkey 0.498039 184 127 0 255
mappingkey 0.501961 185 128 0 255
mappingkey 0.505882 186 129 0 255
mappingkey 0.509804 188 130 0 255
mappingkey 0.513726 189 131 0 255
mappingkey 0.517647 191 132 0 255
mappingkey 0.521569 192 133 0 255
mappingkey 0.52549 194 134 0 255
mappingkey 0.529412 195 135 0 255
mappingkey 0.533333 197 136 0 255
mappingkey 0.537255 198 137 0 255
mappingkey 0.541176 199 138 0 255
mappingkey 0.545098 201 139 0 255
mappingkey 0.54902 202 140 0 255
mappingkey 0.552941 204 141 0 255
mappingkey 0.556863 205 142 0 255
mappingkey 0.560784 207 143 0 255
mappingkey 0.564706 208 144 0 255
mappingkey 0.568627 210 145 0 255
mappingkey 0.572549 211 146 0 255
mappingkey 0.576471 212 147 0 255
mappingkey 0.580392 214 148 0 255
mappingkey 0.584314 215 149 0 255
mappingkey 0.588235 217 150 0 255
mappingkey 0.592157 218 151 0 255
mappingkey 0.596078 220 152 0 255
mappingkey 0.6 221 153 0 255
mappingkey 0.603922 223 154 0 255
mappingkey 0.607843 224 155 0 255
mappingkey 0.611765 226 156 0 255
mappingkey 0.615686 227 157 0 255
mappingkey 0.619608 228 158 0 255
mappingkey 0.623529 230 159 0 255
mappingkey 0.627451 231 160 0 255
mappingkey 0.631373 233 161 0 255
mappingkey 0.635294 234 162 0 255
mappingkey 0.639216 236 163 0 255
mappingkey 0.643137 237 164 0 255
mappingkey 0.647059 239 165 0 255
mappingkey 0.65098 240 166 0 255
mappingkey 0.654902 241 167 0 255
mappingkey 0.658824 243 168 0 255
mappingkey 0.662745 244 169 0 255
mappingkey 0.666667 246 170 0 255
mappingkey 0.670588 247 171 0 255
mappingkey 0.67451 249 172 0 255
mappingkey 0.678431 250 173 0 255
mappingkey 0.682353 252 174 0 255
mappingkey 0.686275 253 175 0 255
mappingkey 0.690196 255 176 0 255
mappingkey 0.694118 255 177 0 255
mappingkey 0.698039 255 178 0 255
mappingkey 0.701961 255 179 0 255
mappingkey 0.705882 255 180 0 255
mappingkey 0.709804 255 181 0 255
mappingkey 0.713726 255 182 0 255
mappingkey 0.717647 255 183 0 255
mappingkey 0.721569 255 184 0 255
mappingkey 0.72549 255 185 0 255
mappingkey 0.729412 255 186 0 255
mappingkey 0.733333 255 187 0 255
mappingkey 0.737255 255 188 0 255
mappingkey 0.741176 255 189 0 255
mappingkey 0.745098 255 190 0 255
mappingkey 0.74902 255 191 3 255
mappingkey 0.752941 255 192 7 255
mappingkey 0.756863 255 193 11 255
mappingkey 0.760784 255 194 15 255
mappingkey 0.764706 255 195 19 255
mappingkey 0.768627 255 196 23 255
mappingkey 0.772549 255 197 27 255
mappingkey 0.776471 255 198 31 255
mappingkey 0.780392 255 199 35 255
mappingkey 0.784314 255 200 39 255
mappingkey 0.788235 255 201 43 255
mappingkey 0.792157 255 202 47 255
mappingkey 0.796078 255 203 51 255
mappingkey 0.8 255 204 54 255
mappingkey 0.803922 255 205 58 255
mappingkey 0.807843 255 206 62 255
mappingkey 0.811765 255 207 66 255
mappingkey 0.815686 255 208 70 255
mappingkey 0.819608 255 209 74 255
mappingkey 0.823529 255 210 78 255
mappingkey 0.827451 255 211 82 255
mappingkey 0.831373 255 212 86 255
mappingkey 0.835294 255 213 90 255
mappingkey 0.839216 255 214 94 255
mappingkey 0.843137 255 215 98 255
mappingkey 0.847059 255 216 102 255
mappingkey 0.85098 255 217 105 255
mappingkey 0.854902 255 218 109 255
mappingkey 0.858824 255 219 113 255
mappingkey 0.862745 255 220 117 255
mappingkey 0.866667 255 221 121 255
mappingkey 0.870588 255 222 125 255
mappingkey 0.87451 255 223 129 255
mappingkey 0.878431 255 224 133 255
mappingkey 0.882353 255 225 137 255
mappingkey 0.886275 255 226 141 255
mappingkey 0.890196 255 227 145 255
mappingkey 0.894118 255 228 149 255
mappingkey 0.898039 255 229 153 255
mappingkey 0.901961 255 230 156 255
mappingkey 0.905882 255 231 160 255
mappingkey 0.909804 255 232 164 255
mappingkey 0.913725 255 233 168 255
mappingkey 0.917647 255 234 172 255
mappingkey 0.921569 255 235 176 255
mappingkey 0.92549 255 236 180 255
mappingkey 0.929412 255 237 184 255
mappingkey 0.933333 255 238 188 255
mappingkey 0.937255 255 239 192 255
mappingkey 0.941176 255 240 196 255
mappingkey 0.945098 255 241 200 255
mappingkey 0.94902 255 242 204 255
mappingkey 0.952941 255 243 207 255
mappingkey 0.956863 255 244 211 255
mappingkey 0.960784 255 245 215 255
mappingkey 0.964706 255 246 219 255
mappingkey 0.968627 255 247 223 255
mappingkey 0.972549 255 248 227 255
mappingkey 0.976471 255 249 231 255
mappingkey 0.980392 255 250 235 255
mappingkey 0.984314 255 251 239 255
mappingkey 0.988235 255 252 243 255
mappingkey 0.992157 255 253 247 255
mappingkey 0.996078 255 254 251 255
mappingkey 1 255 255 255 255
