width 256
lower 0.0
upper 1.0
mappingkey 0.0 0 0 0 0
mappingkey 0.00392157 1 15 0 10
mappingkey 0.00784314 2 22 0 14
mappingkey 0.0117647 3 27 0 18
mappingkey 0.0156863 4 31 0 20
mappingkey 0.0196078 5 35 0 23
mappingkey 0.0235294 6 39 0 26
mappingkey 0.027451 7 42 0 28
mappingkey 0.0313726 8 45 0 30
mappingkey 0.0352941 9 47 0 31
mappingkey 0.0392157 10 50 0 33
mappingkey 0.0431373 11 52 0 34
mappingkey 0.0470588 12 55 0 36
mappingkey 0.0509804 13 57 0 38
mappingkey 0.054902 14 59 0 39
mappingkey 0.0588235 15 61 0 40
mappingkey 0.0627451 16 63 1 42
mappingkey 0.0666667 17 65 1 43
mappingkey 0.0705882 18 67 1 45
mappingkey 0.0745098 19 69 1 46
mappingkey 0.0784314 20 71 1 47
mappingkey 0.0823529 21 73 1 49
mappingkey 0.0862745 22 74 1 49
mappingkey 0.0901961 23 76 2 51
mappingkey 0.0941176 24 78 2 52
mappingkey 0.0980392 25 79 2 53
mappingkey 0.101961 26 81 2 54
mappingkey 0.105882 27 82 2 55
mappingkey 0.109804 28 84 3 57
mappingkey 0.113725 29 85 3 57
mappingkey 0.117647 30 87 3 59
mappingkey 0.121569 31 88 3 59
mappingkey 0.12549 32 90 4 61
mappingkey 0.129412 33 91 4 62
mappingkey 0.133333 34 93 4 63
mappingkey 0.137255 35 94 4 64
mappingkey 0.141176 36 95 5 65
mappingkey 0.145098 37 97 5 66
mappingkey 0.14902 38 98 5 67
mappingkey 0.152941 39 99 5 67
mappingkey 0.156863 40 100 6 68
mappingkey 0.160784 41 102 6 70
mappingkey 0.164706 42 103 6 70
mappingkey 0.168627 43 104 7 71
mappingkey 0.172549 44 105 7 72
mappingkey 0.176471 45 107 7 73
mappingkey 0.180392 46 108 8 74
mappingkey 0.184314 47 109 8 75
mappingkey 0.188235 48 110 9 76
mappingkey 0.192157 49 111 9 77
mappingkey 0.196078 50 112 9 77
mappingkey 0.2 51 114 10 79
mappingkey 0.203922 52 115 10 80
mappingkey 0.207843 53 116 11 81
mappingkey 0.211765 54 117 11 81
mappingkey 0.215686 55 118 11 82
mappingkey 0.219608 56 119 12 83
mappingkey 0.223529 57 120 12 84
mappingkey 0.227451 58 121 13 85
mappingkey 0.231373 59 122 13 85
mappingkey 0.235294 60 123 14 86
mappingkey 0.239216 61 124 14 87
mappingkey 0.243137 62 125 15 88
mappingkey 0.247059 63 126 15 89
mappingkey 0.25098 64 127 16 90
mappingkey 0.254902 65 128 16 90
mappingkey 0.258824 66 129 17 91
mappingkey 0.262745 67 130 17 92
mappingkey 0.266667 68 131 18 93
mappingkey 0.270588 69 132 18 94
mappingkey 0.27451 70 133 19 95
mappingkey 0.278431 71 134 19 95
mappingkey 0.282353 72 135 20 96
mappingkey 0.286275 73 136 20 97
mappingkey 0.290196 74 137 21 98
mappingkey 0.294118 75 138 22 99
mappingkey 0.298039 76 139 22 100
mappingkey 0.301961 77 140 23 101
mappingkey 0.305882 78 141 23 101
mappingkey 0.309804 79 141 24 102
mappingkey 0.313726 80 142 25 103
mappingkey 0.317647 81 143 25 103
mappingkey 0.321569 82 144 26 104
mappingkey 0.32549 83 145 27 105
mappingkey 0.329412 84 146 27 106
mappingkey 0.333333 85 147 28 107
mappingkey 0.337255 86 148 29 108
mappingkey 0.341176 87 148 29 108
mappingkey 0.345098 88 149 30 109
mappingkey 0.34902 89 150 31 110
mappingkey 0.352941 90 151 31 111
mappingkey 0.356863 91 152 32 112
mappingkey 0.360784 92 153 33 113
mappingkey 0.364706 93 153 33 113
mappingkey 0.368627 94 154 34 114
mappingkey 0.372549 95 155 35 115
mappingkey 0.376471 96 156 36 116
mappingkey 0.380392 97 157 36 116
mappingkey 0.384314 98 158 37 117
mappingkey 0.388235 99 158 38 118
mappingkey 0.392157 100 159 39 119
mappingkey 0.396078 101 160 40 120
mappingkey 0.4 102 161 40 120
mappingkey 0.403922 103 162 41 121
mappingkey 0.407843 104 162 42 122
mappingkey 0.411765 105 163 43 123
mappingkey 0.415686 106 164 44 124
mappingkey 0.419608 107 165 44 124
mappingkey 0.423529 108 165 45 125
mappingkey 0.427451 109 166 46 126
mappingkey 0.431373 110 167 47 127
mappingkey 0.435294 111 168 48 128
mappingkey 0.439216 112 168 49 128
mappingkey 0.443137 113 169 50 129
mappingkey 0.447059 114 170 50 130
mappingkey 0.45098 115 171 51 131
mappingkey 0.454902 116 171 52 131
mappingkey 0.458824 117 172 53 132
mappingkey 0.462745 118 173 54 133
mappingkey 0.466667 119 174 55 134
mappingkey 0.470588 120 174 56 134
mappingkey 0.47451 121 175 57 135
mappingkey 0.478431 122 176 58 136
mappingkey 0.482353 123 177 59 137
mappingkey 0.486275 124 177 60 138
mappingkey 0.490196 125 178 61 139
mappingkey 0.494118 126 179 62 140
mappingkey 0.498039 127 179 63 140
mappingkey 0.501961 128 180 64 141
mappingkey 0.505882 129 181 65 142
mappingkey 0.509804 130 182 66 143
mappingkey 0.513726 131 182 67 143
mappingkey 0.517647 132 183 68 144
mappingkey 0.521569 133 184 69 145
mappingkey 0.52549 134 184 70 146
mappingkey 0.529412 135 185 71 147
mappingkey 0.533333 136 186 72 148
mappingkey 0.537255 137 186 73 148
mappingkey 0.541176 138 187 74 149
mappingkey 0.545098 139 188 75 150
mappingkey 0.54902 140 188 76 150
mappingkey 0.552941 141 189 77 151
mappingkey 0.556863 142 190 79 153
mappingkey 0.560784 143 190 80 153
mappingkey 0.564706 144 191 81 154
mappingkey 0.568627 145 192 82 155
mappingkey 0.572549 146 192 83 155
mappingkey 0.576471 147 193 84 156
mappingkey 0.580392 148 194 85 157
mappingkey 0.584314 149 194 87 158
mappingkey 0.588235 150 195 88 159
mappingkey 0.592157 151 196 89 160
mappingkey 0.596078 152 196 90 160
mappingkey 0.6 153 197 91 161
mappingkey 0.603922 154 198 93 163
mappingkey 0.607843 155 198 94 163
mappingkey 0.611765 156 199 95 164
mappingkey 0.615686 157 200 96 165
mappingkey 0.619608 158 200 97 165
mappingkey 0.623529 159 201 99 167
mappingkey 0.627451 160 201 100 167
mappingkey 0.631373 161 202 101 168
mappingkey 0.635294 162 203 102 169
mappingkey 0.639216 163 203 104 170
mappingkey 0.643137 164 204 105 171
mappingkey 0.647059 165 205 106 172
mappingkey 0.65098 166 205 108 172
mappingkey 0.654902 167 206 109 173
mappingkey 0.658824 168 206 110 174
mappingkey 0.662745 169 207 112 175
mappingkey 0.666667 170 208 113 176
mappingkey 0.670588 171 208 114 176
mappingkey 0.67451 172 209 116 178
mappingkey 0.678431 173 210 117 179
mappingkey 0.682353 174 210 118 179
mappingkey 0.686275 175 211 120 180
mappingkey 0.690196 176 211 121 181
mappingkey 0.694118 177 212 122 182
mappingkey 0.698039 178 213 124 183
mappingkey 0.701961 179 213 125 183
mappingkey 0.705882 180 214 127 185
mappingkey 0.709804 181 214 128 185
mappingkey 0.713726 182 215 129 186
mappingkey 0.717647 183 216 131 187
mappingkey 0.721569 184 216 132 188
mappingkey 0.72549 185 217 134 189
mappingkey 0.729412 186 217 135 189
mappingkey 0.733333 187 218 137 191
mappingkey 0.737255 188 218 138 191
mappingkey 0.741176 189 219 140 192
mappingkey 0.745098 190 220 141 193
mappingkey 0.74902 191 220 143 194
mappingkey 0.752941 192 221 144 195
mappingkey 0.756863 193 221 146 196
mappingkey 0.760784 194 222 147 197
mappingkey 0.764706 195 222 149 197
mappingkey 0.768627 196 223 150 198
mappingkey 0.772549 197 224 152 200
mappingkey 0.776471 198 224 153 200
mappingkey 0.780392 199 225 155 201
mappingkey 0.784314 200 225 156 202
mappingkey 0.788235 201 226 158 203
mappingkey 0.792157 202 226 160 204
mappingkey 0.796078 203 227 161 205
mappingkey 0.8 204 228 163 206
mappingkey 0.803922 205 228 164 206
mappingkey 0.807843 206 229 166 208
mappingkey 0.811765 207 229 168 208
mappingkey 0.815686 208 230 169 209
mappingkey 0.819608 209 230 171 210
mappingkey 0.823529 210 231 172 211
mappingkey 0.827451 211 231 174 212
mappingkey 0.831373 212 232 176 213
mappingkey 0.835294 213 233 177 214
mappingkey 0.839216 214 233 179 215
mappingkey 0.843137 215 234 181 216
mappingkey 0.847059 216 234 182 216
mappingkey 0.85098 217 235 184 218
mappingkey 0.854902 218 235 186 218
mappingkey 0.858824 219 236 188 220
mappingkey 0.862745 220 236 189 220
mappingkey 0.866667 221 237 191 221
mappingkey 0.870588 222 237 193 222
mappingkey 0.87451 223 238 195 223
mappingkey 0.878431 224 238 196 224
mappingkey 0.882353 225 239 198 225
mappingkey 0.886275 226 240 200 226
mappingkey 0.890196 227 240 202 227
mappingkey 0.894118 228 241 203 228
mappingkey 0.898039 229 241 205 229
mappingkey 0.901961 230 242 207 230
mappingkey 0.905882 231 242 209 231
mappingkey 0.909804 232 243 211 232
mappingkey 0.913725 233 243 212 232
mappingkey 0.917647 234 244 214 234
mappingkey 0.921569 235 244 216 234
mappingkey 0.92549 236 245 218 236
mappingkey 0.929412 237 245 220 236
mappingkey 0.933333 238 246 222 238
mappingkey 0.937255 239 246 224 238
mappingkey 0.941176 240 247 225 239
mappingkey 0.945098 241 247 227 240
mappingkey 0.94902 242 248 229 241
mappingkey 0.952941 243 248 231 242
mappingkey 0.956863 244 249 233 243
mappingkey 0.960784 245 249 235 244
mappingkey 0.964706 246 250 237 245
mappingkey 0.968627 247 250 239 246
mappingkey 0.972549 248 251 241 247
mappingkey 0.976471 249 251 243 248
mappingkey 0.980392 250 252 245 249
mappingkey 0.984314 251 252 247 250
mappingkey 0.988235 252 253 249 251
mappingkey 0.992157 253 253 251 252
mappingkey 0.996078 254 254 253 253
mappingkey 1.0 255 255 255 255
