width 256
lower 0.0
upper 1.0
mappingkey 0 0 0 0 255
mappingkey 0.00392157 1 1 0 255
mappingkey 0.00784314 2 2 1 255
mappingkey 0.0117647 3 3 1 255
mappingkey 0.0156863 4 4 2 255
mappingkey 0.0196078 5 5 2 255
mappingkey 0.0235294 6 6 3 255
mappingkey 0.027451 7 7 3 255
mappingkey 0.0313726 8 8 4 255
mappingkey 0.0352941 9 9 4 255
mappingkey 0.0392157 10 10 5 255
mappingkey 0.0431373 11 11 5 255
mappingkey 0.0470588 12 12 6 255
mappingkey 0.0509804 13 13 6 255
mappingkey 0.054902 14 14 7 255
mappingkey 0.0588235 15 15 7 255
mappingkey 0.0627451 16 16 8 255
mappingkey 0.0666667 17 17 8 255
mappingkey 0.0705882 18 18 9 255
mappingkey 0.0745098 19 19 9 255
mappingkey 0.0784314 20 20 10 255
mappingkey 0.0823529 21 21 10 255
mappingkey 0.0862745 22 22 11 255
mappingkey 0.0901961 23 23 11 255
mappingkey 0.0941176 24 24 12 255
mappingkey 0.0980392 25 25 12 255
mappingkey 0.101961 26 26 13 255
mappingkey 0.105882 27 27 13 255
mappingkey 0.109804 28 28 14 255
mappingkey 0.113725 29 29 14 255
mappingkey 0.117647 30 30 15 255
mappingkey 0.121569 31 31 15 255
mappingkey 0.12549 32 32 16 255
mappingkey 0.129412 33 33 16 255
mappingkey 0.133333 34 34 17 255
mappingkey 0.137255 35 35 17 255
mappingkey 0.141176 36 36 18 255
mappingkey 0.145098 37 37 18 255
mappingkey 0.14902 38 38 19 255
mappingkey 0.152941 39 39 19 255
mappingkey 0.156863 40 40 20 255
mappingkey 0.160784 41 41 20 255
mappingkey 0.164706 42 42 21 255
mappingkey 0.168627 43 43 21 255
mappingkey 0.172549 44 44 22 255
mappingkey 0.176471 45 45 22 255
mappingkey 0.180392 46 46 23 255
mappingkey 0.184314 47 47 23 255
mappingkey 0.188235 48 48 24 255
mappingkey 0.192157 49 49 24 255
mappingkey 0.196078 50 50 25 255
mappingkey 0.2 51 51 25 255
mappingkey 0.203922 52 52 26 255
mappingkey 0.207843 53 53 26 255
mappingkey 0.211765 54 54 27 255
mappingkey 0.215686 55 55 27 255
mappingkey 0.219608 56 56 28 255
mappingkey 0.223529 57 57 28 255
mappingkey 0.227451 58 58 29 255
mappingkey 0.231373 59 59 29 255
mappingkey 0.235294 60 60 30 255
mappingkey 0.239216 61 61 30 255
mappingkey 0.243137 62 62 31 255
mappingkey 0.247059 63 63 31 255
mappingkey 0.25098 64 64 32 255
mappingkey 0.254902 65 65 32 255
mappingkey 0.258824 66 66 33 255
mappingkey 0.262745 67 67 33 255
mappingkey 0.266667 68 68 34 255
mappingkey 0.270588 69 69 34 255
mappingkey 0.27451 70 70 35 255
mappingkey 0.278431 71 71 35 255
mappingkey 0.282353 72 72 36 255
mappingkey 0.286275 73 73 36 255
mappingkey 0.290196 74 74 37 255
mappingkey 0.294118 75 75 37 255
mappingkey 0.298039 76 76 38 255
mappingkey 0.301961 77 77 38 255
mappingkey 0.305882 78 78 39 255
mappingkey 0.309804 79 79 39 255
mappingkey 0.313726 80 80 40 255
mappingkey 0.317647 81 81 40 255
mappingkey 0.321569 82 82 41 255
mappingkey 0.32549 83 83 41 255
mappingkey 0.329412 84 84 42 255
mappingkey 0.333333 85 85 42 255
mappingkey 0.337255 86 86 43 255
mappingkey 0.341176 87 87 43 255
mappingkey 0.345098 88 88 44 255
mappingkey 0.34902 89 89 44 255
mappingkey 0.352941 90 90 45 255
mappingkey 0.356863 91 91 45 255
mappingkey 0.360784 92 92 46 255
mappingkey 0.364706 93 93 46 255
mappingkey 0.368627 94 94 47 255
mappingkey 0.372549 95 95 47 255
mappingkey 0.376471 96 96 48 255
mappingkey 0.380392 97 97 48 255
mappingkey 0.384314 98 98 49 255
mappingkey 0.388235 99 99 49 255
mappingkey 0.392157 100 100 50 255
mappingkey 0.396078 101 101 50 255
mappingkey 0.4 102 102 51 255
mappingkey 0.403922 103 103 51 255
mappingkey 0.407843 104 104 52 255
mappingkey 0.411765 105 105 52 255
mappingkey 0.415686 106 106 53 255
mappingkey 0.419608 107 107 53 255
mappingkey 0.423529 108 108 54 255
mappingkey 0.427451 109 109 54 255
mappingkey 0.431373 110 110 55 255
mappingkey 0.435294 111 111 55 255
mappingkey 0.439216 112 112 56 255
mappingkey 0.443137 113 113 56 255
mappingkey 0.447059 114 114 57 255
mappingkey 0.45098 115 115 57 255
mappingkey 0.454902 116 116 58 255
mappingkey 0.458824 117 117 58 255
mappingkey 0.462745 118 118 59 255
mappingkey 0.466667 119 119 59 255
mappingkey 0.470588 120 120 60 255
mappingkey 0.47451 121 121 60 255
mappingkey 0.478431 122 122 61 255
mappingkey 0.482353 123 123 61 255
mappingkey 0.486275 124 124 62 255
mappingkey 0.490196 125 125 62 255
mappingkey 0.494118 126 126 63 255
mappingkey 0.498039 127 127 63 255
mappingkey 0.501961 128 128 64 255
mappingkey 0.505882 129 129 64 255
mappingkey 0.509804 130 130 65 255
mappingkey 0.513726 131 131 65 255
mappingkey 0.517647 132 132 66 255
mappingkey 0.521569 133 133 66 255
mappingkey 0.52549 134 134 67 255
mappingkey 0.529412 135 135 67 255
mappingkey 0.533333 136 136 68 255
mappingkey 0.537255 137 137 68 255
mappingkey 0.541176 138 138 69 255
mappingkey 0.545098 139 139 69 255
mappingkey 0.54902 140 140 70 255
mappingkey 0.552941 141 141 70 255
mappingkey 0.556863 142 142 71 255
mappingkey 0.560784 143 143 71 255
mappingkey 0.564706 144 144 72 255
mappingkey 0.568627 145 145 72 255
mappingkey 0.572549 146 146 73 255
mappingkey 0.576471 147 147 73 255
mappingkey 0.580392 148 148 74 255
mappingkey 0.584314 149 149 74 255
mappingkey 0.588235 150 150 75 255
mappingkey 0.592157 151 151 75 255
mappingkey 0.596078 152 152 76 255
mappingkey 0.6 153 153 76 255
mappingkey 0.603922 154 154 77 255
mappingkey 0.607843 155 155 77 255
mappingkey 0.611765 156 156 78 255
mappingkey 0.615686 157 157 78 255
mappingkey 0.619608 158 158 79 255
mappingkey 0.623529 159 159 79 255
mappingkey 0.627451 160 160 80 255
mappingkey 0.631373 161 161 80 255
mappingkey 0.635294 162 162 81 255
mappingkey 0.639216 163 163 81 255
mappingkey 0.643137 164 164 82 255
mappingkey 0.647059 165 165 82 255
mappingkey 0.65098 166 166 83 255
mappingkey 0.654902 167 167 83 255
mappingkey 0.658824 168 168 84 255
mappingkey 0.662745 169 169 84 255
mappingkey 0.666667 170 170 85 255
mappingkey 0.670588 171 171 85 255
mappingkey 0.67451 172 172 86 255
mappingkey 0.678431 173 173 86 255
mappingkey 0.682353 174 174 87 255
mappingkey 0.686275 175 175 87 255
mappingkey 0.690196 176 176 88 255
mappingkey 0.694118 177 177 88 255
mappingkey 0.698039 178 178 89 255
mappingkey 0.701961 179 179 89 255
mappingkey 0.705882 180 180 90 255
mappingkey 0.709804 181 181 90 255
mappingkey 0.713726 182 182 91 255
mappingkey 0.717647 183 183 91 255
mappingkey 0.721569 184 184 92 255
mappingkey 0.72549 185 185 92 255
mappingkey 0.729412 186 186 93 255
mappingkey 0.733333 187 187 93 255
mappingkey 0.737255 188 188 94 255
mappingkey 0.741176 189 189 94 255
mappingkey 0.745098 190 190 95 255
mappingkey 0.74902 191 191 95 255
mappingkey 0.752941 192 192 96 255
mappingkey 0.756863 193 193 96 255
mappingkey 0.760784 194 194 97 255
mappingkey 0.764706 195 195 97 255
mappingkey 0.768627 196 196 98 255
mappingkey 0.772549 197 197 98 255
mappingkey 0.776471 198 198 99 255
mappingkey 0.780392 199 199 99 255
mappingkey 0.784314 200 200 100 255
mappingkey 0.788235 201 201 100 255
mappingkey 0.792157 202 202 101 255
mappingkey 0.796078 203 203 101 255
mappingkey 0.8 204 204 102 255
mappingkey 0.803922 205 205 102 255
mappingkey 0.807843 206 206 103 255
mappingkey 0.811765 207 207 103 255
mappingkey 0.815686 208 208 104 255
mappingkey 0.819608 209 209 104 255
mappingkey 0.823529 210 210 105 255
mappingkey 0.827451 211 211 105 255
mappingkey 0.831373 212 212 106 255
mappingkey 0.835294 213 213 106 255
mappingkey 0.839216 214 214 107 255
mappingkey 0.843137 215 215 107 255
mappingkey 0.847059 216 216 108 255
mappingkey 0.85098 217 217 108 255
mappingkey 0.854902 218 218 109 255
mappingkey 0.858824 219 219 109 255
mappingkey 0.862745 220 220 110 255
mappingkey 0.866667 221 221 110 255
mappingkey 0.870588 222 222 111 255
mappingkey 0.87451 223 223 111 255
mappingkey 0.878431 224 224 112 255
mappingkey 0.882353 225 225 112 255
mappingkey 0.886275 226 226 113 255
mappingkey 0.890196 227 227 113 255
mappingkey 0.894118 228 228 114 255
mappingkey 0.898039 229 229 114 255
mappingkey 0.901961 230 230 115 255
mappingkey 0.905882 231 231 115 255
mappingkey 0.909804 232 232 116 255
mappingkey 0.913725 233 233 116 255
mappingkey 0.917647 234 234 117 255
mappingkey 0.921569 235 235 117 255
mappingkey 0.92549 236 236 118 255
mappingkey 0.929412 237 237 118 255
mappingkey 0.933333 238 238 119 255
mappingkey 0.937255 239 239 119 255
mappingkey 0.941176 240 240 120 255
mappingkey 0.945098 241 241 120 255
mappingkey 0.94902 242 242 121 255
mappingkey 0.952941 243 243 121 255
mappingkey 0.956863 244 244 122 255
mappingkey 0.960784 245 245 122 255
mappingkey 0.964706 246 246 123 255
mappingkey 0.968627 247 247 123 255
mappingkey 0.972549 248 248 124 255
mappingkey 0.976471 249 249 124 255
mappingkey 0.980392 250 250 125 255
mappingkey 0.984314 251 251 125 255
mappingkey 0.988235 252 252 126 255
mappingkey 0.992157 253 253 126 255
mappingkey 0.996078 254 254 127 255
mappingkey 1 255 255 127 255
