width 256
lower 0.0
upper 1.0
mappingkey 0.0 0 0 0 255
mappingkey 0.00392156885937 0 0 0 255
mappingkey 0.00784313771874 0 0 0 255
mappingkey 0.0117647061124 0 0 0 255
mappingkey 0.0156862754375 0 0 0 255
mappingkey 0.0196078438312 0 0 0 255
mappingkey 0.0235294122249 0 0 0 255
mappingkey 0.0274509806186 0 0 0 255
mappingkey 0.0313725508749 0 0 0 255
mappingkey 0.0352941192687 0 0 0 255
mappingkey 0.0392156876624 0 0 0 255
mappingkey 0.0431372560561 0 0 0 255
mappingkey 0.0470588244498 0 0 0 255
mappingkey 0.0509803928435 0 0 0 255
mappingkey 0.0549019612372 0 0 0 255
mappingkey 0.0588235296309 0 0 0 255
mappingkey 0.0627451017499 0 0 0 255
mappingkey 0.0666666701436 0 0 0 255
mappingkey 0.0705882385373 0 0 0 255
mappingkey 0.074509806931 0 0 0 255
mappingkey 0.0784313753247 0 0 0 255
mappingkey 0.0823529437184 0 1 0 255
mappingkey 0.0862745121121 0 4 0 255
mappingkey 0.0901960805058 0 5 0 255
mappingkey 0.0941176488996 0 6 0 255
mappingkey 0.0980392172933 0 8 0 255
mappingkey 0.101960785687 0 11 0 255
mappingkey 0.105882354081 0 12 0 255
mappingkey 0.109803922474 0 15 0 255
mappingkey 0.113725490868 0 16 0 255
mappingkey 0.117647059262 0 19 0 255
mappingkey 0.121568627656 0 19 0 255
mappingkey 0.1254902035 0 21 0 255
mappingkey 0.129411771894 0 23 0 255
mappingkey 0.133333340287 0 25 0 255
mappingkey 0.137254908681 0 26 0 255
mappingkey 0.141176477075 0 28 0 255
mappingkey 0.145098045468 0 31 0 255
mappingkey 0.149019613862 0 32 0 255
mappingkey 0.152941182256 0 33 0 255
mappingkey 0.156862750649 0 34 0 255
mappingkey 0.160784319043 0 36 0 255
mappingkey 0.164705887437 0 37 0 255
mappingkey 0.168627455831 0 39 0 255
mappingkey 0.172549024224 0 42 0 255
mappingkey 0.176470592618 0 43 0 255
mappingkey 0.180392161012 0 44 0 255
mappingkey 0.184313729405 0 45 0 255
mappingkey 0.188235297799 0 47 0 255
mappingkey 0.192156866193 0 48 0 255
mappingkey 0.196078434587 0 49 0 255
mappingkey 0.20000000298 0 51 0 255
mappingkey 0.203921571374 0 53 0 255
mappingkey 0.207843139768 0 54 0 255
mappingkey 0.211764708161 0 55 0 255
mappingkey 0.215686276555 0 58 0 255
mappingkey 0.219607844949 0 58 0 255
mappingkey 0.223529413342 0 59 0 255
mappingkey 0.227450981736 0 60 0 255
mappingkey 0.23137255013 0 62 0 255
mappingkey 0.235294118524 0 64 0 255
mappingkey 0.239215686917 0 65 0 255
mappingkey 0.243137255311 0 66 0 255
mappingkey 0.247058823705 0 67 0 255
mappingkey 0.250980407 0 69 0 255
mappingkey 0.254901975393 0 70 0 255
mappingkey 0.258823543787 0 70 0 255
mappingkey 0.262745112181 0 72 0 255
mappingkey 0.266666680574 0 73 0 255
mappingkey 0.270588248968 0 75 0 255
mappingkey 0.274509817362 0 76 0 255
mappingkey 0.278431385756 0 77 0 255
mappingkey 0.282352954149 0 78 0 255
mappingkey 0.286274522543 0 80 0 255
mappingkey 0.290196090937 0 82 0 255
mappingkey 0.29411765933 0 83 0 255
mappingkey 0.298039227724 0 83 0 255
mappingkey 0.301960796118 0 84 0 255
mappingkey 0.305882364511 0 86 0 255
mappingkey 0.309803932905 0 87 0 255
mappingkey 0.313725501299 0 88 0 255
mappingkey 0.317647069693 0 89 0 255
mappingkey 0.321568638086 0 92 0 255
mappingkey 0.32549020648 0 93 0 255
mappingkey 0.329411774874 0 94 0 255
mappingkey 0.333333343267 0 95 0 255
mappingkey 0.337254911661 0 97 0 255
mappingkey 0.341176480055 0 97 0 255
mappingkey 0.345098048449 1 98 0 255
mappingkey 0.349019616842 3 99 0 255
mappingkey 0.352941185236 4 100 0 255
mappingkey 0.35686275363 9 103 0 255
mappingkey 0.360784322023 11 104 0 255
mappingkey 0.364705890417 12 105 0 255
mappingkey 0.368627458811 14 106 0 255
mappingkey 0.372549027205 14 106 0 255
mappingkey 0.376470595598 17 108 0 255
mappingkey 0.380392163992 19 109 0 255
mappingkey 0.384313732386 19 109 0 255
mappingkey 0.388235300779 20 110 0 255
mappingkey 0.392156869173 22 111 0 255
mappingkey 0.396078437567 27 114 0 255
mappingkey 0.40000000596 29 115 0 255
mappingkey 0.403921574354 30 116 0 255
mappingkey 0.407843142748 32 117 0 255
mappingkey 0.411764711142 32 117 0 255
mappingkey 0.415686279535 35 119 0 255
mappingkey 0.419607847929 37 120 0 255
mappingkey 0.423529416323 38 121 0 255
mappingkey 0.427450984716 38 121 0 255
mappingkey 0.43137255311 41 123 0 255
mappingkey 0.435294121504 45 125 0 255
mappingkey 0.439215689898 45 125 0 255
mappingkey 0.443137258291 46 126 0 255
mappingkey 0.447058826685 48 127 0 255
mappingkey 0.450980395079 50 128 0 255
mappingkey 0.454901963472 53 130 0 255
mappingkey 0.458823531866 54 131 0 255
mappingkey 0.46274510026 58 133 0 255
mappingkey 0.466666668653 58 133 0 255
mappingkey 0.470588237047 59 134 0 255
mappingkey 0.474509805441 59 134 0 255
mappingkey 0.478431373835 62 136 0 255
mappingkey 0.482352942228 64 137 0 255
mappingkey 0.486274510622 66 138 0 255
mappingkey 0.490196079016 66 138 0 255
mappingkey 0.494117647409 67 139 0 255
mappingkey 0.498039215803 71 141 0 255
mappingkey 0.501960813999 74 143 0 255
mappingkey 0.505882382393 75 144 0 255
mappingkey 0.509803950787 75 144 0 255
mappingkey 0.51372551918 77 145 0 255
mappingkey 0.517647087574 80 147 0 255
mappingkey 0.521568655968 80 147 0 255
mappingkey 0.525490224361 82 148 0 255
mappingkey 0.529411792755 82 148 0 255
mappingkey 0.533333361149 83 149 0 255
mappingkey 0.537254929543 85 150 0 255
mappingkey 0.541176497936 90 153 0 255
mappingkey 0.54509806633 91 154 0 255
mappingkey 0.549019634724 91 154 0 255
mappingkey 0.552941203117 93 155 0 255
mappingkey 0.556862771511 95 156 0 255
mappingkey 0.560784339905 98 158 0 255
mappingkey 0.564705908298 100 159 0 255
mappingkey 0.568627476692 100 159 0 255
mappingkey 0.572549045086 101 160 0 255
mappingkey 0.57647061348 101 160 0 255
mappingkey 0.580392181873 103 161 0 255
mappingkey 0.584313750267 103 161 0 255
mappingkey 0.588235318661 108 164 0 255
mappingkey 0.592156887054 109 165 0 255
mappingkey 0.596078455448 111 166 0 255
mappingkey 0.600000023842 112 167 0 255
mappingkey 0.603921592236 112 167 0 255
mappingkey 0.607843160629 116 169 0 255
mappingkey 0.611764729023 117 170 0 255
mappingkey 0.615686297417 119 171 0 255
mappingkey 0.61960786581 119 171 0 255
mappingkey 0.623529434204 121 172 0 255
mappingkey 0.627451002598 121 172 0 255
mappingkey 0.631372570992 125 175 0 255
mappingkey 0.635294139385 125 175 0 255
mappingkey 0.639215707779 127 176 0 255
mappingkey 0.643137276173 129 177 0 255
mappingkey 0.647058844566 130 178 0 255
mappingkey 0.65098041296 130 178 0 255
mappingkey 0.654901981354 133 180 0 255
mappingkey 0.658823549747 135 181 0 255
mappingkey 0.662745118141 135 181 0 255
mappingkey 0.666666686535 137 182 3 255
mappingkey 0.670588254929 140 184 10 255
mappingkey 0.674509823322 143 186 17 255
mappingkey 0.678431391716 143 186 17 255
mappingkey 0.68235296011 143 186 17 255
mappingkey 0.686274528503 145 187 20 255
mappingkey 0.690196096897 146 188 24 255
mappingkey 0.694117665291 146 188 24 255
mappingkey 0.698039233685 148 189 27 255
mappingkey 0.701960802078 151 191 34 255
mappingkey 0.705882370472 151 191 34 255
mappingkey 0.709803938866 153 192 37 255
mappingkey 0.713725507259 156 194 44 255
mappingkey 0.717647075653 158 195 48 255
mappingkey 0.721568644047 158 195 48 255
mappingkey 0.72549021244 161 197 55 255
mappingkey 0.729411780834 163 198 58 255
mappingkey 0.733333349228 163 198 58 255
mappingkey 0.737254917622 163 198 58 255
mappingkey 0.741176486015 164 199 62 255
mappingkey 0.745098054409 166 200 65 255
mappingkey 0.749019622803 166 200 65 255
mappingkey 0.752941191196 169 202 72 255
mappingkey 0.75686275959 172 204 79 255
mappingkey 0.760784327984 172 204 79 255
mappingkey 0.764705896378 174 205 82 255
mappingkey 0.768627464771 175 206 86 255
mappingkey 0.772549033165 175 206 86 255
mappingkey 0.776470601559 179 208 93 255
mappingkey 0.780392169952 180 209 96 255
mappingkey 0.784313738346 182 210 99 255
mappingkey 0.78823530674 182 210 99 255
mappingkey 0.792156875134 183 211 103 255
mappingkey 0.796078443527 183 211 103 255
mappingkey 0.800000011921 183 211 103 255
mappingkey 0.803921580315 187 213 110 255
mappingkey 0.807843148708 190 215 117 255
mappingkey 0.811764717102 190 215 117 255
mappingkey 0.815686285496 192 216 120 255
mappingkey 0.819607853889 193 217 124 255
mappingkey 0.823529422283 193 217 124 255
mappingkey 0.827450990677 196 219 130 255
mappingkey 0.831372559071 198 220 134 255
mappingkey 0.835294127464 198 220 134 255
mappingkey 0.839215695858 200 221 137 255
mappingkey 0.843137264252 201 222 141 255
mappingkey 0.847058832645 201 222 141 255
mappingkey 0.850980401039 206 225 151 255
mappingkey 0.854901969433 206 225 151 255
mappingkey 0.858823537827 206 225 151 255
mappingkey 0.86274510622 208 226 155 255
mappingkey 0.866666674614 209 227 158 255
mappingkey 0.870588243008 209 227 158 255
mappingkey 0.874509811401 211 228 161 255
mappingkey 0.878431379795 214 230 168 255
mappingkey 0.882352948189 214 230 168 255
mappingkey 0.886274516582 216 231 172 255
mappingkey 0.890196084976 217 232 175 255
mappingkey 0.89411765337 217 232 175 255
mappingkey 0.898039221764 219 233 179 255
mappingkey 0.901960790157 224 236 189 255
mappingkey 0.905882358551 224 236 189 255
mappingkey 0.909803926945 225 237 192 255
mappingkey 0.913725495338 225 237 192 255
mappingkey 0.917647063732 225 237 192 255
mappingkey 0.921568632126 227 238 196 255
mappingkey 0.92549020052 229 239 199 255
mappingkey 0.929411768913 229 239 199 255
mappingkey 0.933333337307 232 241 206 255
mappingkey 0.937254905701 234 242 210 255
mappingkey 0.941176474094 234 242 210 255
mappingkey 0.945098042488 235 243 213 255
mappingkey 0.949019610882 238 245 220 255
mappingkey 0.952941179276 238 245 220 255
mappingkey 0.956862747669 242 247 227 255
mappingkey 0.960784316063 243 248 230 255
mappingkey 0.964705884457 243 248 230 255
mappingkey 0.96862745285 245 249 234 255
mappingkey 0.972549021244 245 249 234 255
mappingkey 0.976470589638 245 249 234 255
mappingkey 0.980392158031 246 250 237 255
mappingkey 0.984313726425 246 250 237 255
mappingkey 0.988235294819 250 252 244 255
mappingkey 0.992156863213 251 253 248 255
mappingkey 0.996078431606 251 253 248 255
mappingkey 1.0 255 255 255 255
