width 256
lower 0.0
upper 1.0
mappingkey 0 0 0 0 255
mappingkey 0.00392157 10 10 0 255
mappingkey 0.00784314 14 14 0 255
mappingkey 0.0117647 18 18 0 255
mappingkey 0.0156863 20 20 0 255
mappingkey 0.0196078 23 23 0 255
mappingkey 0.0235294 26 26 0 255
mappingkey 0.027451 28 28 0 255
mappingkey 0.0313726 30 30 0 255
mappingkey 0.0352941 31 31 0 255
mappingkey 0.0392157 33 33 0 255
mappingkey 0.0431373 34 34 0 255
mappingkey 0.0470588 36 36 0 255
mappingkey 0.0509804 38 38 0 255
mappingkey 0.054902 39 39 0 255
mappingkey 0.0588235 40 40 0 255
mappingkey 0.0627451 42 42 1 255
mappingkey 0.0666667 43 43 1 255
mappingkey 0.0705882 45 45 1 255
mappingkey 0.0745098 46 46 1 255
mappingkey 0.0784314 47 47 1 255
mappingkey 0.0823529 49 49 1 255
mappingkey 0.0862745 49 49 1 255
mappingkey 0.0901961 51 51 2 255
mappingkey 0.0941176 52 52 2 255
mappingkey 0.0980392 53 53 2 255
mappingkey 0.101961 54 54 2 255
mappingkey 0.105882 55 55 2 255
mappingkey 0.109804 57 57 3 255
mappingkey 0.113725 57 57 3 255
mappingkey 0.117647 59 59 3 255
mappingkey 0.121569 59 59 3 255
mappingkey 0.12549 61 61 4 255
mappingkey 0.129412 62 62 4 255
mappingkey 0.133333 63 63 4 255
mappingkey 0.137255 64 64 4 255
mappingkey 0.141176 65 65 5 255
mappingkey 0.145098 66 66 5 255
mappingkey 0.14902 67 67 5 255
mappingkey 0.152941 67 67 5 255
mappingkey 0.156863 68 68 6 255
mappingkey 0.160784 70 70 6 255
mappingkey 0.164706 70 70 6 255
mappingkey 0.168627 71 71 7 255
mappingkey 0.172549 72 72 7 255
mappingkey 0.176471 73 73 7 255
mappingkey 0.180392 74 74 8 255
mappingkey 0.184314 75 75 8 255
mappingkey 0.188235 76 76 9 255
mappingkey 0.192157 77 77 9 255
mappingkey 0.196078 77 77 9 255
mappingkey 0.2 79 79 10 255
mappingkey 0.203922 80 80 10 255
mappingkey 0.207843 81 81 11 255
mappingkey 0.211765 81 81 11 255
mappingkey 0.215686 82 82 11 255
mappingkey 0.219608 83 83 12 255
mappingkey 0.223529 84 84 12 255
mappingkey 0.227451 85 85 13 255
mappingkey 0.231373 85 85 13 255
mappingkey 0.235294 86 86 14 255
mappingkey 0.239216 87 87 14 255
mappingkey 0.243137 88 88 15 255
mappingkey 0.247059 89 89 15 255
mappingkey 0.25098 90 90 16 255
mappingkey 0.254902 90 90 16 255
mappingkey 0.258824 91 91 17 255
mappingkey 0.262745 92 92 17 255
mappingkey 0.266667 93 93 18 255
mappingkey 0.270588 94 94 18 255
mappingkey 0.27451 95 95 19 255
mappingkey 0.278431 95 95 19 255
mappingkey 0.282353 96 96 20 255
mappingkey 0.286275 97 97 20 255
mappingkey 0.290196 98 98 21 255
mappingkey 0.294118 99 99 22 255
mappingkey 0.298039 100 100 22 255
mappingkey 0.301961 101 101 23 255
mappingkey 0.305882 101 101 23 255
mappingkey 0.309804 102 102 24 255
mappingkey 0.313726 103 103 25 255
mappingkey 0.317647 103 103 25 255
mappingkey 0.321569 104 104 26 255
mappingkey 0.32549 105 105 27 255
mappingkey 0.329412 106 106 27 255
mappingkey 0.333333 107 107 28 255
mappingkey 0.337255 108 108 29 255
mappingkey 0.341176 108 108 29 255
mappingkey 0.345098 109 109 30 255
mappingkey 0.34902 110 110 31 255
mappingkey 0.352941 111 111 31 255
mappingkey 0.356863 112 112 32 255
mappingkey 0.360784 113 113 33 255
mappingkey 0.364706 113 113 33 255
mappingkey 0.368627 114 114 34 255
mappingkey 0.372549 115 115 35 255
mappingkey 0.376471 116 116 36 255
mappingkey 0.380392 116 116 36 255
mappingkey 0.384314 117 117 37 255
mappingkey 0.388235 118 118 38 255
mappingkey 0.392157 119 119 39 255
mappingkey 0.396078 120 120 40 255
mappingkey 0.4 120 120 40 255
mappingkey 0.403922 121 121 41 255
mappingkey 0.407843 122 122 42 255
mappingkey 0.411765 123 123 43 255
mappingkey 0.415686 124 124 44 255
mappingkey 0.419608 124 124 44 255
mappingkey 0.423529 125 125 45 255
mappingkey 0.427451 126 126 46 255
mappingkey 0.431373 127 127 47 255
mappingkey 0.435294 128 128 48 255
mappingkey 0.439216 128 128 49 255
mappingkey 0.443137 129 129 50 255
mappingkey 0.447059 130 130 50 255
mappingkey 0.45098 131 131 51 255
mappingkey 0.454902 131 131 52 255
mappingkey 0.458824 132 132 53 255
mappingkey 0.462745 133 133 54 255
mappingkey 0.466667 134 134 55 255
mappingkey 0.470588 134 134 56 255
mappingkey 0.47451 135 135 57 255
mappingkey 0.478431 136 136 58 255
mappingkey 0.482353 137 137 59 255
mappingkey 0.486275 138 138 60 255
mappingkey 0.490196 139 139 61 255
mappingkey 0.494118 140 140 62 255
mappingkey 0.498039 140 140 63 255
mappingkey 0.501961 141 141 64 255
mappingkey 0.505882 142 142 65 255
mappingkey 0.509804 143 143 66 255
mappingkey 0.513726 143 143 67 255
mappingkey 0.517647 144 144 68 255
mappingkey 0.521569 145 145 69 255
mappingkey 0.52549 146 146 70 255
mappingkey 0.529412 147 147 71 255
mappingkey 0.533333 148 148 72 255
mappingkey 0.537255 148 148 73 255
mappingkey 0.541176 149 149 74 255
mappingkey 0.545098 150 150 75 255
mappingkey 0.54902 150 150 76 255
mappingkey 0.552941 151 151 77 255
mappingkey 0.556863 153 153 79 255
mappingkey 0.560784 153 153 80 255
mappingkey 0.564706 154 154 81 255
mappingkey 0.568627 155 155 82 255
mappingkey 0.572549 155 155 83 255
mappingkey 0.576471 156 156 84 255
mappingkey 0.580392 157 157 85 255
mappingkey 0.584314 158 158 87 255
mappingkey 0.588235 159 159 88 255
mappingkey 0.592157 160 160 89 255
mappingkey 0.596078 160 160 90 255
mappingkey 0.6 161 161 91 255
mappingkey 0.603922 163 163 93 255
mappingkey 0.607843 163 163 94 255
mappingkey 0.611765 164 164 95 255
mappingkey 0.615686 165 165 96 255
mappingkey 0.619608 165 165 97 255
mappingkey 0.623529 167 167 99 255
mappingkey 0.627451 167 167 100 255
mappingkey 0.631373 168 168 101 255
mappingkey 0.635294 169 169 102 255
mappingkey 0.639216 170 170 104 255
mappingkey 0.643137 171 171 105 255
mappingkey 0.647059 172 172 106 255
mappingkey 0.65098 172 172 108 255
mappingkey 0.654902 173 173 109 255
mappingkey 0.658824 174 174 110 255
mappingkey 0.662745 175 175 112 255
mappingkey 0.666667 176 176 113 255
mappingkey 0.670588 176 176 114 255
mappingkey 0.67451 178 178 116 255
mappingkey 0.678431 179 179 117 255
mappingkey 0.682353 179 179 118 255
mappingkey 0.686275 180 180 120 255
mappingkey 0.690196 181 181 121 255
mappingkey 0.694118 182 182 122 255
mappingkey 0.698039 183 183 124 255
mappingkey 0.701961 183 183 125 255
mappingkey 0.705882 185 185 127 255
mappingkey 0.709804 185 185 128 255
mappingkey 0.713726 186 186 129 255
mappingkey 0.717647 187 187 131 255
mappingkey 0.721569 188 188 132 255
mappingkey 0.72549 189 189 134 255
mappingkey 0.729412 189 189 135 255
mappingkey 0.733333 191 191 137 255
mappingkey 0.737255 191 191 138 255
mappingkey 0.741176 192 192 140 255
mappingkey 0.745098 193 193 141 255
mappingkey 0.74902 194 194 143 255
mappingkey 0.752941 195 195 144 255
mappingkey 0.756863 196 196 146 255
mappingkey 0.760784 197 197 147 255
mappingkey 0.764706 197 197 149 255
mappingkey 0.768627 198 198 150 255
mappingkey 0.772549 200 200 152 255
mappingkey 0.776471 200 200 153 255
mappingkey 0.780392 201 201 155 255
mappingkey 0.784314 202 202 156 255
mappingkey 0.788235 203 203 158 255
mappingkey 0.792157 204 204 160 255
mappingkey 0.796078 205 205 161 255
mappingkey 0.8 206 206 163 255
mappingkey 0.803922 206 206 164 255
mappingkey 0.807843 208 208 166 255
mappingkey 0.811765 208 208 168 255
mappingkey 0.815686 209 209 169 255
mappingkey 0.819608 210 210 171 255
mappingkey 0.823529 211 211 172 255
mappingkey 0.827451 212 212 174 255
mappingkey 0.831373 213 213 176 255
mappingkey 0.835294 214 214 177 255
mappingkey 0.839216 215 215 179 255
mappingkey 0.843137 216 216 181 255
mappingkey 0.847059 216 216 182 255
mappingkey 0.85098 218 218 184 255
mappingkey 0.854902 218 218 186 255
mappingkey 0.858824 220 220 188 255
mappingkey 0.862745 220 220 189 255
mappingkey 0.866667 221 221 191 255
mappingkey 0.870588 222 222 193 255
mappingkey 0.87451 223 223 195 255
mappingkey 0.878431 224 224 196 255
mappingkey 0.882353 225 225 198 255
mappingkey 0.886275 226 226 200 255
mappingkey 0.890196 227 227 202 255
mappingkey 0.894118 228 228 203 255
mappingkey 0.898039 229 229 205 255
mappingkey 0.901961 230 230 207 255
mappingkey 0.905882 231 231 209 255
mappingkey 0.909804 232 232 211 255
mappingkey 0.913725 232 232 212 255
mappingkey 0.917647 234 234 214 255
mappingkey 0.921569 234 234 216 255
mappingkey 0.92549 236 236 218 255
mappingkey 0.929412 236 236 220 255
mappingkey 0.933333 238 238 222 255
mappingkey 0.937255 238 238 224 255
mappingkey 0.941176 239 239 225 255
mappingkey 0.945098 240 240 227 255
mappingkey 0.94902 241 241 229 255
mappingkey 0.952941 242 242 231 255
mappingkey 0.956863 243 243 233 255
mappingkey 0.960784 244 244 235 255
mappingkey 0.964706 245 245 237 255
mappingkey 0.968627 246 246 239 255
mappingkey 0.972549 247 247 241 255
mappingkey 0.976471 248 248 243 255
mappingkey 0.980392 249 249 245 255
mappingkey 0.984314 250 250 247 255
mappingkey 0.988235 251 251 249 255
mappingkey 0.992157 252 252 251 255
mappingkey 0.996078 253 253 253 255
mappingkey 1 255 255 255 255
