width 256
lower 0.0
upper 1.0
mappingkey 0.0 0 0 0 255
mappingkey 0.00392156885937 1 1 0 255
mappingkey 0.00784313771874 2 2 0 255
mappingkey 0.0117647061124 3 3 0 255
mappingkey 0.0156862754375 4 4 0 255
mappingkey 0.0196078438312 5 5 0 255
mappingkey 0.0235294122249 6 6 0 255
mappingkey 0.0274509806186 7 7 0 255
mappingkey 0.0313725508749 8 8 0 255
mappingkey 0.0352941192687 9 9 0 255
mappingkey 0.0392156876624 10 10 0 255
mappingkey 0.0431372560561 11 11 0 255
mappingkey 0.0470588244498 12 12 0 255
mappingkey 0.0509803928435 13 13 0 255
mappingkey 0.0549019612372 14 14 0 255
mappingkey 0.0588235296309 15 15 0 255
mappingkey 0.0627451017499 16 16 0 255
mappingkey 0.0666666701436 17 17 0 255
mappingkey 0.0705882385373 18 18 0 255
mappingkey 0.074509806931 19 19 0 255
mappingkey 0.0784313753247 20 20 0 255
mappingkey 0.0823529437184 21 21 0 255
mappingkey 0.0862745121121 22 22 0 255
mappingkey 0.0901960805058 23 23 0 255
mappingkey 0.0941176488996 24 24 0 255
mappingkey 0.0980392172933 25 25 0 255
mappingkey 0.101960785687 26 26 0 255
mappingkey 0.105882354081 27 27 0 255
mappingkey 0.109803922474 28 28 0 255
mappingkey 0.113725490868 29 29 0 255
mappingkey 0.117647059262 30 30 0 255
mappingkey 0.121568627656 31 31 0 255
mappingkey 0.1254902035 32 32 0 255
mappingkey 0.129411771894 33 33 0 255
mappingkey 0.133333340287 34 34 0 255
mappingkey 0.137254908681 35 35 0 255
mappingkey 0.141176477075 36 36 0 255
mappingkey 0.145098045468 37 37 0 255
mappingkey 0.149019613862 38 38 0 255
mappingkey 0.152941182256 39 39 0 255
mappingkey 0.156862750649 40 40 0 255
mappingkey 0.160784319043 41 41 0 255
mappingkey 0.164705887437 42 42 0 255
mappingkey 0.168627455831 43 43 0 255
mappingkey 0.172549024224 44 44 0 255
mappingkey 0.176470592618 45 45 0 255
mappingkey 0.180392161012 46 46 0 255
mappingkey 0.184313729405 47 47 0 255
mappingkey 0.188235297799 48 48 0 255
mappingkey 0.192156866193 49 49 0 255
mappingkey 0.196078434587 50 50 0 255
mappingkey 0.20000000298 51 51 0 255
mappingkey 0.203921571374 52 52 0 255
mappingkey 0.207843139768 53 53 0 255
mappingkey 0.211764708161 54 54 0 255
mappingkey 0.215686276555 55 55 0 255
mappingkey 0.219607844949 56 56 0 255
mappingkey 0.223529413342 57 57 0 255
mappingkey 0.227450981736 58 58 0 255
mappingkey 0.23137255013 59 59 0 255
mappingkey 0.235294118524 60 60 0 255
mappingkey 0.239215686917 61 61 0 255
mappingkey 0.243137255311 62 62 0 255
mappingkey 0.247058823705 63 63 0 255
mappingkey 0.250980407 64 64 0 255
mappingkey 0.254901975393 65 65 0 255
mappingkey 0.258823543787 66 66 0 255
mappingkey 0.262745112181 67 67 0 255
mappingkey 0.266666680574 68 68 0 255
mappingkey 0.270588248968 69 69 0 255
mappingkey 0.274509817362 70 70 0 255
mappingkey 0.278431385756 71 71 0 255
mappingkey 0.282352954149 72 72 0 255
mappingkey 0.286274522543 73 73 0 255
mappingkey 0.290196090937 74 74 0 255
mappingkey 0.29411765933 75 75 0 255
mappingkey 0.298039227724 76 76 0 255
mappingkey 0.301960796118 77 77 0 255
mappingkey 0.305882364511 78 78 0 255
mappingkey 0.309803932905 79 79 0 255
mappingkey 0.313725501299 80 80 0 255
mappingkey 0.317647069693 81 81 0 255
mappingkey 0.321568638086 82 82 0 255
mappingkey 0.32549020648 83 83 0 255
mappingkey 0.329411774874 84 84 0 255
mappingkey 0.333333343267 85 85 0 255
mappingkey 0.337254911661 86 86 0 255
mappingkey 0.341176480055 87 87 0 255
mappingkey 0.345098048449 88 88 0 255
mappingkey 0.349019616842 89 89 0 255
mappingkey 0.352941185236 90 90 0 255
mappingkey 0.35686275363 91 91 0 255
mappingkey 0.360784322023 92 92 0 255
mappingkey 0.364705890417 93 93 0 255
mappingkey 0.368627458811 94 94 0 255
mappingkey 0.372549027205 95 95 0 255
mappingkey 0.376470595598 96 96 0 255
mappingkey 0.380392163992 97 97 0 255
mappingkey 0.384313732386 98 98 0 255
mappingkey 0.388235300779 99 99 0 255
mappingkey 0.392156869173 100 100 0 255
mappingkey 0.396078437567 101 101 0 255
mappingkey 0.40000000596 102 102 0 255
mappingkey 0.403921574354 103 103 0 255
mappingkey 0.407843142748 104 104 0 255
mappingkey 0.411764711142 105 105 0 255
mappingkey 0.415686279535 106 106 0 255
mappingkey 0.419607847929 107 107 0 255
mappingkey 0.423529416323 108 108 0 255
mappingkey 0.427450984716 109 109 0 255
mappingkey 0.43137255311 110 110 0 255
mappingkey 0.435294121504 111 111 0 255
mappingkey 0.439215689898 112 112 0 255
mappingkey 0.443137258291 113 113 0 255
mappingkey 0.447058826685 114 114 0 255
mappingkey 0.450980395079 115 115 0 255
mappingkey 0.454901963472 116 116 0 255
mappingkey 0.458823531866 117 117 0 255
mappingkey 0.46274510026 118 118 0 255
mappingkey 0.466666668653 119 119 0 255
mappingkey 0.470588237047 120 120 0 255
mappingkey 0.474509805441 121 121 0 255
mappingkey 0.478431373835 122 122 0 255
mappingkey 0.482352942228 123 123 0 255
mappingkey 0.486274510622 124 124 0 255
mappingkey 0.490196079016 125 125 0 255
mappingkey 0.494117647409 126 126 0 255
mappingkey 0.498039215803 127 127 0 255
mappingkey 0.501960813999 128 128 0 255
mappingkey 0.505882382393 129 129 0 255
mappingkey 0.509803950787 130 130 0 255
mappingkey 0.51372551918 131 131 0 255
mappingkey 0.517647087574 132 132 0 255
mappingkey 0.521568655968 133 133 0 255
mappingkey 0.525490224361 134 134 0 255
mappingkey 0.529411792755 135 135 0 255
mappingkey 0.533333361149 136 136 0 255
mappingkey 0.537254929543 137 137 0 255
mappingkey 0.541176497936 138 138 0 255
mappingkey 0.54509806633 139 139 0 255
mappingkey 0.549019634724 140 140 0 255
mappingkey 0.552941203117 141 141 0 255
mappingkey 0.556862771511 142 142 0 255
mappingkey 0.560784339905 143 143 0 255
mappingkey 0.564705908298 144 144 0 255
mappingkey 0.568627476692 145 145 0 255
mappingkey 0.572549045086 146 146 0 255
mappingkey 0.57647061348 147 147 0 255
mappingkey 0.580392181873 148 148 0 255
mappingkey 0.584313750267 149 149 0 255
mappingkey 0.588235318661 150 150 0 255
mappingkey 0.592156887054 151 151 0 255
mappingkey 0.596078455448 152 152 0 255
mappingkey 0.600000023842 153 153 0 255
mappingkey 0.603921592236 154 154 0 255
mappingkey 0.607843160629 155 155 0 255
mappingkey 0.611764729023 156 156 0 255
mappingkey 0.615686297417 157 157 0 255
mappingkey 0.61960786581 158 158 0 255
mappingkey 0.623529434204 159 159 0 255
mappingkey 0.627451002598 160 160 0 255
mappingkey 0.631372570992 161 161 0 255
mappingkey 0.635294139385 162 162 0 255
mappingkey 0.639215707779 163 163 0 255
mappingkey 0.643137276173 164 164 0 255
mappingkey 0.647058844566 165 165 0 255
mappingkey 0.65098041296 166 166 0 255
mappingkey 0.654901981354 167 167 0 255
mappingkey 0.658823549747 168 168 0 255
mappingkey 0.662745118141 169 169 0 255
mappingkey 0.666666686535 170 170 0 255
mappingkey 0.670588254929 171 171 0 255
mappingkey 0.674509823322 172 172 0 255
mappingkey 0.678431391716 173 173 0 255
mappingkey 0.68235296011 174 174 0 255
mappingkey 0.686274528503 175 175 0 255
mappingkey 0.690196096897 176 176 0 255
mappingkey 0.694117665291 177 177 0 255
mappingkey 0.698039233685 178 178 0 255
mappingkey 0.701960802078 179 179 0 255
mappingkey 0.705882370472 180 180 0 255
mappingkey 0.709803938866 181 181 0 255
mappingkey 0.713725507259 182 182 0 255
mappingkey 0.717647075653 183 183 0 255
mappingkey 0.721568644047 184 184 0 255
mappingkey 0.72549021244 185 185 0 255
mappingkey 0.729411780834 186 186 0 255
mappingkey 0.733333349228 187 187 0 255
mappingkey 0.737254917622 188 188 0 255
mappingkey 0.741176486015 189 189 0 255
mappingkey 0.745098054409 190 190 0 255
mappingkey 0.749019622803 191 191 1 255
mappingkey 0.752941191196 192 192 3 255
mappingkey 0.75686275959 193 193 5 255
mappingkey 0.760784327984 194 194 7 255
mappingkey 0.764705896378 195 195 9 255
mappingkey 0.768627464771 196 196 11 255
mappingkey 0.772549033165 197 197 13 255
mappingkey 0.776470601559 198 198 15 255
mappingkey 0.780392169952 199 199 17 255
mappingkey 0.784313738346 200 200 19 255
mappingkey 0.78823530674 201 201 21 255
mappingkey 0.792156875134 202 202 23 255
mappingkey 0.796078443527 203 203 25 255
mappingkey 0.800000011921 204 204 27 255
mappingkey 0.803921580315 205 205 29 255
mappingkey 0.807843148708 206 206 31 255
mappingkey 0.811764717102 207 207 33 255
mappingkey 0.815686285496 208 208 35 255
mappingkey 0.819607853889 209 209 37 255
mappingkey 0.823529422283 210 210 39 255
mappingkey 0.827450990677 211 211 41 255
mappingkey 0.831372559071 212 212 43 255
mappingkey 0.835294127464 213 213 45 255
mappingkey 0.839215695858 214 214 47 255
mappingkey 0.843137264252 215 215 49 255
mappingkey 0.847058832645 216 216 51 255
mappingkey 0.850980401039 217 217 52 255
mappingkey 0.854901969433 218 218 54 255
mappingkey 0.858823537827 219 219 56 255
mappingkey 0.86274510622 220 220 58 255
mappingkey 0.866666674614 221 221 60 255
mappingkey 0.870588243008 222 222 62 255
mappingkey 0.874509811401 223 223 64 255
mappingkey 0.878431379795 224 224 66 255
mappingkey 0.882352948189 225 225 68 255
mappingkey 0.886274516582 226 226 70 255
mappingkey 0.890196084976 227 227 72 255
mappingkey 0.89411765337 228 228 74 255
mappingkey 0.898039221764 229 229 76 255
mappingkey 0.901960790157 230 230 78 255
mappingkey 0.905882358551 231 231 80 255
mappingkey 0.909803926945 232 232 82 255
mappingkey 0.913725495338 233 233 84 255
mappingkey 0.917647063732 234 234 86 255
mappingkey 0.921568632126 235 235 88 255
mappingkey 0.92549020052 236 236 90 255
mappingkey 0.929411768913 237 237 92 255
mappingkey 0.933333337307 238 238 94 255
mappingkey 0.937254905701 239 239 96 255
mappingkey 0.941176474094 240 240 98 255
mappingkey 0.945098042488 241 241 100 255
mappingkey 0.949019610882 242 242 102 255
mappingkey 0.952941179276 243 243 103 255
mappingkey 0.956862747669 244 244 105 255
mappingkey 0.960784316063 245 245 107 255
mappingkey 0.964705884457 246 246 109 255
mappingkey 0.96862745285 247 247 111 255
mappingkey 0.972549021244 248 248 113 255
mappingkey 0.976470589638 249 249 115 255
mappingkey 0.980392158031 250 250 117 255
mappingkey 0.984313726425 251 251 119 255
mappingkey 0.988235294819 252 252 121 255
mappingkey 0.992156863213 253 253 123 255
mappingkey 0.996078431606 254 254 125 255
mappingkey 1.0 255 255 127 255
