width 256
lower 0.0
upper 1.0
mappingkey 0 0 0 0 255
mappingkey 0.00392157 15 1 1 255
mappingkey 0.00784314 22 2 2 255
mappingkey 0.0117647 27 3 3 255
mappingkey 0.0156863 31 4 4 255
mappingkey 0.0196078 35 5 5 255
mappingkey 0.0235294 39 6 6 255
mappingkey 0.027451 42 7 7 255
mappingkey 0.0313726 45 8 8 255
mappingkey 0.0352941 47 9 9 255
mappingkey 0.0392157 50 10 10 255
mappingkey 0.0431373 52 11 11 255
mappingkey 0.0470588 55 12 12 255
mappingkey 0.0509804 57 13 13 255
mappingkey 0.054902 59 14 14 255
mappingkey 0.0588235 61 15 15 255
mappingkey 0.0627451 63 16 16 255
mappingkey 0.0666667 65 17 17 255
mappingkey 0.0705882 67 18 18 255
mappingkey 0.0745098 69 19 19 255
mappingkey 0.0784314 71 20 20 255
mappingkey 0.0823529 73 21 21 255
mappingkey 0.0862745 74 22 22 255
mappingkey 0.0901961 76 23 23 255
mappingkey 0.0941176 78 24 24 255
mappingkey 0.0980392 79 25 25 255
mappingkey 0.101961 81 26 26 255
mappingkey 0.105882 82 27 27 255
mappingkey 0.109804 84 28 28 255
mappingkey 0.113725 85 29 29 255
mappingkey 0.117647 87 30 30 255
mappingkey 0.121569 88 31 31 255
mappingkey 0.12549 90 32 32 255
mappingkey 0.129412 91 33 33 255
mappingkey 0.133333 93 34 34 255
mappingkey 0.137255 94 35 35 255
mappingkey 0.141176 95 36 36 255
mappingkey 0.145098 97 37 37 255
mappingkey 0.14902 98 38 38 255
mappingkey 0.152941 99 39 39 255
mappingkey 0.156863 100 40 40 255
mappingkey 0.160784 102 41 41 255
mappingkey 0.164706 103 42 42 255
mappingkey 0.168627 104 43 43 255
mappingkey 0.172549 105 44 44 255
mappingkey 0.176471 107 45 45 255
mappingkey 0.180392 108 46 46 255
mappingkey 0.184314 109 47 47 255
mappingkey 0.188235 110 48 48 255
mappingkey 0.192157 111 49 49 255
mappingkey 0.196078 112 50 50 255
mappingkey 0.2 114 51 51 255
mappingkey 0.203922 115 52 52 255
mappingkey 0.207843 116 53 53 255
mappingkey 0.211765 117 54 54 255
mappingkey 0.215686 118 55 55 255
mappingkey 0.219608 119 56 56 255
mappingkey 0.223529 120 57 57 255
mappingkey 0.227451 121 58 58 255
mappingkey 0.231373 122 59 59 255
mappingkey 0.235294 123 60 60 255
mappingkey 0.239216 124 61 61 255
mappingkey 0.243137 125 62 62 255
mappingkey 0.247059 126 63 63 255
mappingkey 0.25098 127 64 64 255
mappingkey 0.254902 128 65 65 255
mappingkey 0.258824 129 66 66 255
mappingkey 0.262745 130 67 67 255
mappingkey 0.266667 131 68 68 255
mappingkey 0.270588 132 69 69 255
mappingkey 0.27451 133 70 70 255
mappingkey 0.278431 134 71 71 255
mappingkey 0.282353 135 72 72 255
mappingkey 0.286275 136 73 73 255
mappingkey 0.290196 137 74 74 255
mappingkey 0.294118 138 75 75 255
mappingkey 0.298039 139 76 76 255
mappingkey 0.301961 140 77 77 255
mappingkey 0.305882 141 78 78 255
mappingkey 0.309804 141 79 79 255
mappingkey 0.313726 142 80 80 255
mappingkey 0.317647 143 81 81 255
mappingkey 0.321569 144 82 82 255
mappingkey 0.32549 145 83 83 255
mappingkey 0.329412 146 84 84 255
mappingkey 0.333333 147 85 85 255
mappingkey 0.337255 148 86 86 255
mappingkey 0.341176 148 87 87 255
mappingkey 0.345098 149 88 88 255
mappingkey 0.34902 150 89 89 255
mappingkey 0.352941 151 90 90 255
mappingkey 0.356863 152 91 91 255
mappingkey 0.360784 153 92 92 255
mappingkey 0.364706 153 93 93 255
mappingkey 0.368627 154 94 94 255
mappingkey 0.372549 155 95 95 255
mappingkey 0.376471 156 96 96 255
mappingkey 0.380392 157 97 97 255
mappingkey 0.384314 158 98 98 255
mappingkey 0.388235 158 99 99 255
mappingkey 0.392157 159 100 100 255
mappingkey 0.396078 160 101 101 255
mappingkey 0.4 161 102 102 255
mappingkey 0.403922 162 103 103 255
mappingkey 0.407843 162 104 104 255
mappingkey 0.411765 163 105 105 255
mappingkey 0.415686 164 106 106 255
mappingkey 0.419608 165 107 107 255
mappingkey 0.423529 165 108 108 255
mappingkey 0.427451 166 109 109 255
mappingkey 0.431373 167 110 110 255
mappingkey 0.435294 168 111 111 255
mappingkey 0.439216 168 112 112 255
mappingkey 0.443137 169 113 113 255
mappingkey 0.447059 170 114 114 255
mappingkey 0.45098 171 115 115 255
mappingkey 0.454902 171 116 116 255
mappingkey 0.458824 172 117 117 255
mappingkey 0.462745 173 118 118 255
mappingkey 0.466667 174 119 119 255
mappingkey 0.470588 174 120 120 255
mappingkey 0.47451 175 121 121 255
mappingkey 0.478431 176 122 122 255
mappingkey 0.482353 177 123 123 255
mappingkey 0.486275 177 124 124 255
mappingkey 0.490196 178 125 125 255
mappingkey 0.494118 179 126 126 255
mappingkey 0.498039 179 127 127 255
mappingkey 0.501961 180 128 128 255
mappingkey 0.505882 181 129 129 255
mappingkey 0.509804 182 130 130 255
mappingkey 0.513726 182 131 131 255
mappingkey 0.517647 183 132 132 255
mappingkey 0.521569 184 133 133 255
mappingkey 0.52549 184 134 134 255
mappingkey 0.529412 185 135 135 255
mappingkey 0.533333 186 136 136 255
mappingkey 0.537255 186 137 137 255
mappingkey 0.541176 187 138 138 255
mappingkey 0.545098 188 139 139 255
mappingkey 0.54902 188 140 140 255
mappingkey 0.552941 189 141 141 255
mappingkey 0.556863 190 142 142 255
mappingkey 0.560784 190 143 143 255
mappingkey 0.564706 191 144 144 255
mappingkey 0.568627 192 145 145 255
mappingkey 0.572549 192 146 146 255
mappingkey 0.576471 193 147 147 255
mappingkey 0.580392 194 148 148 255
mappingkey 0.584314 194 149 149 255
mappingkey 0.588235 195 150 150 255
mappingkey 0.592157 196 151 151 255
mappingkey 0.596078 196 152 152 255
mappingkey 0.6 197 153 153 255
mappingkey 0.603922 198 154 154 255
mappingkey 0.607843 198 155 155 255
mappingkey 0.611765 199 156 156 255
mappingkey 0.615686 200 157 157 255
mappingkey 0.619608 200 158 158 255
mappingkey 0.623529 201 159 159 255
mappingkey 0.627451 201 160 160 255
mappingkey 0.631373 202 161 161 255
mappingkey 0.635294 203 162 162 255
mappingkey 0.639216 203 163 163 255
mappingkey 0.643137 204 164 164 255
mappingkey 0.647059 205 165 165 255
mappingkey 0.65098 205 166 166 255
mappingkey 0.654902 206 167 167 255
mappingkey 0.658824 206 168 168 255
mappingkey 0.662745 207 169 169 255
mappingkey 0.666667 208 170 170 255
mappingkey 0.670588 208 171 171 255
mappingkey 0.67451 209 172 172 255
mappingkey 0.678431 210 173 173 255
mappingkey 0.682353 210 174 174 255
mappingkey 0.686275 211 175 175 255
mappingkey 0.690196 211 176 176 255
mappingkey 0.694118 212 177 177 255
mappingkey 0.698039 213 178 178 255
mappingkey 0.701961 213 179 179 255
mappingkey 0.705882 214 180 180 255
mappingkey 0.709804 214 181 181 255
mappingkey 0.713726 215 182 182 255
mappingkey 0.717647 216 183 183 255
mappingkey 0.721569 216 184 184 255
mappingkey 0.72549 217 185 185 255
mappingkey 0.729412 217 186 186 255
mappingkey 0.733333 218 187 187 255
mappingkey 0.737255 218 188 188 255
mappingkey 0.741176 219 189 189 255
mappingkey 0.745098 220 190 190 255
mappingkey 0.74902 220 191 191 255
mappingkey 0.752941 221 192 192 255
mappingkey 0.756863 221 193 193 255
mappingkey 0.760784 222 194 194 255
mappingkey 0.764706 222 195 195 255
mappingkey 0.768627 223 196 196 255
mappingkey 0.772549 224 197 197 255
mappingkey 0.776471 224 198 198 255
mappingkey 0.780392 225 199 199 255
mappingkey 0.784314 225 200 200 255
mappingkey 0.788235 226 201 201 255
mappingkey 0.792157 226 202 202 255
mappingkey 0.796078 227 203 203 255
mappingkey 0.8 228 204 204 255
mappingkey 0.803922 228 205 205 255
mappingkey 0.807843 229 206 206 255
mappingkey 0.811765 229 207 207 255
mappingkey 0.815686 230 208 208 255
mappingkey 0.819608 230 209 209 255
mappingkey 0.823529 231 210 210 255
mappingkey 0.827451 231 211 211 255
mappingkey 0.831373 232 212 212 255
mappingkey 0.835294 233 213 213 255
mappingkey 0.839216 233 214 214 255
mappingkey 0.843137 234 215 215 255
mappingkey 0.847059 234 216 216 255
mappingkey 0.85098 235 217 217 255
mappingkey 0.854902 235 218 218 255
mappingkey 0.858824 236 219 219 255
mappingkey 0.862745 236 220 220 255
mappingkey 0.866667 237 221 221 255
mappingkey 0.870588 237 222 222 255
mappingkey 0.87451 238 223 223 255
mappingkey 0.878431 238 224 224 255
mappingkey 0.882353 239 225 225 255
mappingkey 0.886275 240 226 226 255
mappingkey 0.890196 240 227 227 255
mappingkey 0.894118 241 228 228 255
mappingkey 0.898039 241 229 229 255
mappingkey 0.901961 242 230 230 255
mappingkey 0.905882 242 231 231 255
mappingkey 0.909804 243 232 232 255
mappingkey 0.913725 243 233 233 255
mappingkey 0.917647 244 234 234 255
mappingkey 0.921569 244 235 235 255
mappingkey 0.92549 245 236 236 255
mappingkey 0.929412 245 237 237 255
mappingkey 0.933333 246 238 238 255
mappingkey 0.937255 246 239 239 255
mappingkey 0.941176 247 240 240 255
mappingkey 0.945098 247 241 241 255
mappingkey 0.94902 248 242 242 255
mappingkey 0.952941 248 243 243 255
mappingkey 0.956863 249 244 244 255
mappingkey 0.960784 249 245 245 255
mappingkey 0.964706 250 246 246 255
mappingkey 0.968627 250 247 247 255
mappingkey 0.972549 251 248 248 255
mappingkey 0.976471 251 249 249 255
mappingkey 0.980392 252 250 250 255
mappingkey 0.984314 252 251 251 255
mappingkey 0.988235 253 252 252 255
mappingkey 0.992157 253 253 253 255
mappingkey 0.996078 254 254 254 255
mappingkey 1 255 255 255 255
