width 256
lower 0.0
upper 1.0
mappingkey 0.0 0 0 0 255
mappingkey 0.00392156885937 0 1 15 255
mappingkey 0.00784313771874 0 2 22 255
mappingkey 0.0117647061124 0 3 27 255
mappingkey 0.0156862754375 0 4 31 255
mappingkey 0.0196078438312 0 5 35 255
mappingkey 0.0235294122249 0 6 39 255
mappingkey 0.0274509806186 0 7 42 255
mappingkey 0.0313725508749 0 8 45 255
mappingkey 0.0352941192687 0 9 47 255
mappingkey 0.0392156876624 0 10 50 255
mappingkey 0.0431372560561 0 11 52 255
mappingkey 0.0470588244498 0 12 55 255
mappingkey 0.0509803928435 0 13 57 255
mappingkey 0.0549019612372 0 14 59 255
mappingkey 0.0588235296309 0 15 61 255
mappingkey 0.0627451017499 1 16 63 255
mappingkey 0.0666666701436 1 17 65 255
mappingkey 0.0705882385373 1 18 67 255
mappingkey 0.074509806931 1 19 69 255
mappingkey 0.0784313753247 1 20 71 255
mappingkey 0.0823529437184 1 21 73 255
mappingkey 0.0862745121121 1 22 74 255
mappingkey 0.0901960805058 2 23 76 255
mappingkey 0.0941176488996 2 24 78 255
mappingkey 0.0980392172933 2 25 79 255
mappingkey 0.101960785687 2 26 81 255
mappingkey 0.105882354081 2 27 82 255
mappingkey 0.109803922474 3 28 84 255
mappingkey 0.113725490868 3 29 85 255
mappingkey 0.117647059262 3 30 87 255
mappingkey 0.121568627656 3 31 88 255
mappingkey 0.1254902035 4 32 90 255
mappingkey 0.129411771894 4 33 91 255
mappingkey 0.133333340287 4 34 93 255
mappingkey 0.137254908681 4 35 94 255
mappingkey 0.141176477075 5 36 95 255
mappingkey 0.145098045468 5 37 97 255
mappingkey 0.149019613862 5 38 98 255
mappingkey 0.152941182256 5 39 99 255
mappingkey 0.156862750649 6 40 100 255
mappingkey 0.160784319043 6 41 102 255
mappingkey 0.164705887437 6 42 103 255
mappingkey 0.168627455831 7 43 104 255
mappingkey 0.172549024224 7 44 105 255
mappingkey 0.176470592618 7 45 107 255
mappingkey 0.180392161012 8 46 108 255
mappingkey 0.184313729405 8 47 109 255
mappingkey 0.188235297799 9 48 110 255
mappingkey 0.192156866193 9 49 111 255
mappingkey 0.196078434587 9 50 112 255
mappingkey 0.20000000298 10 51 114 255
mappingkey 0.203921571374 10 52 115 255
mappingkey 0.207843139768 11 53 116 255
mappingkey 0.211764708161 11 54 117 255
mappingkey 0.215686276555 11 55 118 255
mappingkey 0.219607844949 12 56 119 255
mappingkey 0.223529413342 12 57 120 255
mappingkey 0.227450981736 13 58 121 255
mappingkey 0.23137255013 13 59 122 255
mappingkey 0.235294118524 14 60 123 255
mappingkey 0.239215686917 14 61 124 255
mappingkey 0.243137255311 15 62 125 255
mappingkey 0.247058823705 15 63 126 255
mappingkey 0.250980407 16 64 127 255
mappingkey 0.254901975393 16 65 128 255
mappingkey 0.258823543787 17 66 129 255
mappingkey 0.262745112181 17 67 130 255
mappingkey 0.266666680574 18 68 131 255
mappingkey 0.270588248968 18 69 132 255
mappingkey 0.274509817362 19 70 133 255
mappingkey 0.278431385756 19 71 134 255
mappingkey 0.282352954149 20 72 135 255
mappingkey 0.286274522543 20 73 136 255
mappingkey 0.290196090937 21 74 137 255
mappingkey 0.29411765933 22 75 138 255
mappingkey 0.298039227724 22 76 139 255
mappingkey 0.301960796118 23 77 140 255
mappingkey 0.305882364511 23 78 141 255
mappingkey 0.309803932905 24 79 141 255
mappingkey 0.313725501299 25 80 142 255
mappingkey 0.317647069693 25 81 143 255
mappingkey 0.321568638086 26 82 144 255
mappingkey 0.32549020648 27 83 145 255
mappingkey 0.329411774874 27 84 146 255
mappingkey 0.333333343267 28 85 147 255
mappingkey 0.337254911661 29 86 148 255
mappingkey 0.341176480055 29 87 148 255
mappingkey 0.345098048449 30 88 149 255
mappingkey 0.349019616842 31 89 150 255
mappingkey 0.352941185236 31 90 151 255
mappingkey 0.35686275363 32 91 152 255
mappingkey 0.360784322023 33 92 153 255
mappingkey 0.364705890417 33 93 153 255
mappingkey 0.368627458811 34 94 154 255
mappingkey 0.372549027205 35 95 155 255
mappingkey 0.376470595598 36 96 156 255
mappingkey 0.380392163992 36 97 157 255
mappingkey 0.384313732386 37 98 158 255
mappingkey 0.388235300779 38 99 158 255
mappingkey 0.392156869173 39 100 159 255
mappingkey 0.396078437567 40 101 160 255
mappingkey 0.40000000596 40 102 161 255
mappingkey 0.403921574354 41 103 162 255
mappingkey 0.407843142748 42 104 162 255
mappingkey 0.411764711142 43 105 163 255
mappingkey 0.415686279535 44 106 164 255
mappingkey 0.419607847929 44 107 165 255
mappingkey 0.423529416323 45 108 165 255
mappingkey 0.427450984716 46 109 166 255
mappingkey 0.43137255311 47 110 167 255
mappingkey 0.435294121504 48 111 168 255
mappingkey 0.439215689898 49 112 168 255
mappingkey 0.443137258291 50 113 169 255
mappingkey 0.447058826685 50 114 170 255
mappingkey 0.450980395079 51 115 171 255
mappingkey 0.454901963472 52 116 171 255
mappingkey 0.458823531866 53 117 172 255
mappingkey 0.46274510026 54 118 173 255
mappingkey 0.466666668653 55 119 174 255
mappingkey 0.470588237047 56 120 174 255
mappingkey 0.474509805441 57 121 175 255
mappingkey 0.478431373835 58 122 176 255
mappingkey 0.482352942228 59 123 177 255
mappingkey 0.486274510622 60 124 177 255
mappingkey 0.490196079016 61 125 178 255
mappingkey 0.494117647409 62 126 179 255
mappingkey 0.498039215803 63 127 179 255
mappingkey 0.501960813999 64 128 180 255
mappingkey 0.505882382393 65 129 181 255
mappingkey 0.509803950787 66 130 182 255
mappingkey 0.51372551918 67 131 182 255
mappingkey 0.517647087574 68 132 183 255
mappingkey 0.521568655968 69 133 184 255
mappingkey 0.525490224361 70 134 184 255
mappingkey 0.529411792755 71 135 185 255
mappingkey 0.533333361149 72 136 186 255
mappingkey 0.537254929543 73 137 186 255
mappingkey 0.541176497936 74 138 187 255
mappingkey 0.54509806633 75 139 188 255
mappingkey 0.549019634724 76 140 188 255
mappingkey 0.552941203117 77 141 189 255
mappingkey 0.556862771511 79 142 190 255
mappingkey 0.560784339905 80 143 190 255
mappingkey 0.564705908298 81 144 191 255
mappingkey 0.568627476692 82 145 192 255
mappingkey 0.572549045086 83 146 192 255
mappingkey 0.57647061348 84 147 193 255
mappingkey 0.580392181873 85 148 194 255
mappingkey 0.584313750267 87 149 194 255
mappingkey 0.588235318661 88 150 195 255
mappingkey 0.592156887054 89 151 196 255
mappingkey 0.596078455448 90 152 196 255
mappingkey 0.600000023842 91 153 197 255
mappingkey 0.603921592236 93 154 198 255
mappingkey 0.607843160629 94 155 198 255
mappingkey 0.611764729023 95 156 199 255
mappingkey 0.615686297417 96 157 200 255
mappingkey 0.61960786581 97 158 200 255
mappingkey 0.623529434204 99 159 201 255
mappingkey 0.627451002598 100 160 201 255
mappingkey 0.631372570992 101 161 202 255
mappingkey 0.635294139385 102 162 203 255
mappingkey 0.639215707779 104 163 203 255
mappingkey 0.643137276173 105 164 204 255
mappingkey 0.647058844566 106 165 205 255
mappingkey 0.65098041296 108 166 205 255
mappingkey 0.654901981354 109 167 206 255
mappingkey 0.658823549747 110 168 206 255
mappingkey 0.662745118141 112 169 207 255
mappingkey 0.666666686535 113 170 208 255
mappingkey 0.670588254929 114 171 208 255
mappingkey 0.674509823322 116 172 209 255
mappingkey 0.678431391716 117 173 210 255
mappingkey 0.68235296011 118 174 210 255
mappingkey 0.686274528503 120 175 211 255
mappingkey 0.690196096897 121 176 211 255
mappingkey 0.694117665291 122 177 212 255
mappingkey 0.698039233685 124 178 213 255
mappingkey 0.701960802078 125 179 213 255
mappingkey 0.705882370472 127 180 214 255
mappingkey 0.709803938866 128 181 214 255
mappingkey 0.713725507259 129 182 215 255
mappingkey 0.717647075653 131 183 216 255
mappingkey 0.721568644047 132 184 216 255
mappingkey 0.72549021244 134 185 217 255
mappingkey 0.729411780834 135 186 217 255
mappingkey 0.733333349228 137 187 218 255
mappingkey 0.737254917622 138 188 218 255
mappingkey 0.741176486015 140 189 219 255
mappingkey 0.745098054409 141 190 220 255
mappingkey 0.749019622803 143 191 220 255
mappingkey 0.752941191196 144 192 221 255
mappingkey 0.75686275959 146 193 221 255
mappingkey 0.760784327984 147 194 222 255
mappingkey 0.764705896378 149 195 222 255
mappingkey 0.768627464771 150 196 223 255
mappingkey 0.772549033165 152 197 224 255
mappingkey 0.776470601559 153 198 224 255
mappingkey 0.780392169952 155 199 225 255
mappingkey 0.784313738346 156 200 225 255
mappingkey 0.78823530674 158 201 226 255
mappingkey 0.792156875134 160 202 226 255
mappingkey 0.796078443527 161 203 227 255
mappingkey 0.800000011921 163 204 228 255
mappingkey 0.803921580315 164 205 228 255
mappingkey 0.807843148708 166 206 229 255
mappingkey 0.811764717102 168 207 229 255
mappingkey 0.815686285496 169 208 230 255
mappingkey 0.819607853889 171 209 230 255
mappingkey 0.823529422283 172 210 231 255
mappingkey 0.827450990677 174 211 231 255
mappingkey 0.831372559071 176 212 232 255
mappingkey 0.835294127464 177 213 233 255
mappingkey 0.839215695858 179 214 233 255
mappingkey 0.843137264252 181 215 234 255
mappingkey 0.847058832645 182 216 234 255
mappingkey 0.850980401039 184 217 235 255
mappingkey 0.854901969433 186 218 235 255
mappingkey 0.858823537827 188 219 236 255
mappingkey 0.86274510622 189 220 236 255
mappingkey 0.866666674614 191 221 237 255
mappingkey 0.870588243008 193 222 237 255
mappingkey 0.874509811401 195 223 238 255
mappingkey 0.878431379795 196 224 238 255
mappingkey 0.882352948189 198 225 239 255
mappingkey 0.886274516582 200 226 240 255
mappingkey 0.890196084976 202 227 240 255
mappingkey 0.89411765337 203 228 241 255
mappingkey 0.898039221764 205 229 241 255
mappingkey 0.901960790157 207 230 242 255
mappingkey 0.905882358551 209 231 242 255
mappingkey 0.909803926945 211 232 243 255
mappingkey 0.913725495338 212 233 243 255
mappingkey 0.917647063732 214 234 244 255
mappingkey 0.921568632126 216 235 244 255
mappingkey 0.92549020052 218 236 245 255
mappingkey 0.929411768913 220 237 245 255
mappingkey 0.933333337307 222 238 246 255
mappingkey 0.937254905701 224 239 246 255
mappingkey 0.941176474094 225 240 247 255
mappingkey 0.945098042488 227 241 247 255
mappingkey 0.949019610882 229 242 248 255
mappingkey 0.952941179276 231 243 248 255
mappingkey 0.956862747669 233 244 249 255
mappingkey 0.960784316063 235 245 249 255
mappingkey 0.964705884457 237 246 250 255
mappingkey 0.96862745285 239 247 250 255
mappingkey 0.972549021244 241 248 251 255
mappingkey 0.976470589638 243 249 251 255
mappingkey 0.980392158031 245 250 252 255
mappingkey 0.984313726425 247 251 252 255
mappingkey 0.988235294819 249 252 253 255
mappingkey 0.992156863213 251 253 253 255
mappingkey 0.996078431606 253 254 254 255
mappingkey 1.0 255 255 255 255
