width 256
lower 0.0
upper 1.0
mappingkey 0 0 0 0 255
mappingkey 0.00392157 0 0 0 255
mappingkey 0.00784314 0 0 0 255
mappingkey 0.0117647 0 0 0 255
mappingkey 0.0156863 0 0 0 255
mappingkey 0.0196078 0 0 0 255
mappingkey 0.0235294 0 0 0 255
mappingkey 0.027451 0 0 0 255
mappingkey 0.0313726 0 0 0 255
mappingkey 0.0352941 0 0 0 255
mappingkey 0.0392157 0 0 0 255
mappingkey 0.0431373 0 0 0 255
mappingkey 0.0470588 0 0 0 255
mappingkey 0.0509804 0 0 0 255
mappingkey 0.054902 0 0 0 255
mappingkey 0.0588235 0 0 0 255
mappingkey 0.0627451 0 0 0 255
mappingkey 0.0666667 0 0 0 255
mappingkey 0.0705882 0 0 0 255
mappingkey 0.0745098 0 0 0 255
mappingkey 0.0784314 0 0 0 255
mappingkey 0.0823529 1 0 0 255
mappingkey 0.0862745 5 0 0 255
mappingkey 0.0901961 7 0 0 255
mappingkey 0.0941176 8 0 0 255
mappingkey 0.0980392 11 0 0 255
mappingkey 0.101961 15 0 0 255
mappingkey 0.105882 17 0 0 255
mappingkey 0.109804 21 0 0 255
mappingkey 0.113725 23 0 0 255
mappingkey 0.117647 27 0 0 255
mappingkey 0.121569 27 0 0 255
mappingkey 0.12549 30 0 0 255
mappingkey 0.129412 33 0 0 255
mappingkey 0.133333 36 0 0 255
mappingkey 0.137255 37 0 0 255
mappingkey 0.141176 40 0 0 255
mappingkey 0.145098 44 0 0 255
mappingkey 0.14902 46 0 0 255
mappingkey 0.152941 47 0 0 255
mappingkey 0.156863 49 0 0 255
mappingkey 0.160784 52 0 0 255
mappingkey 0.164706 53 0 0 255
mappingkey 0.168627 56 0 0 255
mappingkey 0.172549 60 0 0 255
mappingkey 0.176471 62 0 0 255
mappingkey 0.180392 63 0 0 255
mappingkey 0.184314 65 0 0 255
mappingkey 0.188235 68 0 0 255
mappingkey 0.192157 69 0 0 255
mappingkey 0.196078 70 0 0 255
mappingkey 0.2 73 0 0 255
mappingkey 0.203922 76 0 0 255
mappingkey 0.207843 78 0 0 255
mappingkey 0.211765 79 0 0 255
mappingkey 0.215686 84 0 0 255
mappingkey 0.219608 84 0 0 255
mappingkey 0.223529 85 0 0 255
mappingkey 0.227451 86 0 0 255
mappingkey 0.231373 89 0 0 255
mappingkey 0.235294 92 0 0 255
mappingkey 0.239216 94 0 0 255
mappingkey 0.243137 95 0 0 255
mappingkey 0.247059 97 0 0 255
mappingkey 0.25098 99 0 0 255
mappingkey 0.254902 101 0 0 255
mappingkey 0.258824 101 0 0 255
mappingkey 0.262745 104 0 0 255
mappingkey 0.266667 105 0 0 255
mappingkey 0.270588 108 0 0 255
mappingkey 0.27451 110 0 0 255
mappingkey 0.278431 111 0 0 255
mappingkey 0.282353 113 0 0 255
mappingkey 0.286275 115 0 0 255
mappingkey 0.290196 118 0 0 255
mappingkey 0.294118 120 0 0 255
mappingkey 0.298039 120 0 0 255
mappingkey 0.301961 121 0 0 255
mappingkey 0.305882 124 0 0 255
mappingkey 0.309804 126 0 0 255
mappingkey 0.313726 127 0 0 255
mappingkey 0.317647 128 0 0 255
mappingkey 0.321569 133 0 0 255
mappingkey 0.32549 134 0 0 255
mappingkey 0.329412 136 0 0 255
mappingkey 0.333333 137 0 0 255
mappingkey 0.337255 140 0 0 255
mappingkey 0.341176 140 0 0 255
mappingkey 0.345098 141 0 0 255
mappingkey 0.34902 143 0 0 255
mappingkey 0.352941 144 0 0 255
mappingkey 0.356863 149 0 0 255
mappingkey 0.360784 150 0 0 255
mappingkey 0.364706 152 0 0 255
mappingkey 0.368627 153 0 0 255
mappingkey 0.372549 153 0 0 255
mappingkey 0.376471 156 0 0 255
mappingkey 0.380392 157 0 0 255
mappingkey 0.384314 157 0 0 255
mappingkey 0.388235 159 0 0 255
mappingkey 0.392157 160 0 0 255
mappingkey 0.396078 165 0 0 255
mappingkey 0.4 166 0 0 255
mappingkey 0.403922 168 0 0 255
mappingkey 0.407843 169 0 0 255
mappingkey 0.411765 169 0 0 255
mappingkey 0.415686 172 0 0 255
mappingkey 0.419608 173 0 0 255
mappingkey 0.423529 175 1 0 255
mappingkey 0.427451 175 1 0 255
mappingkey 0.431373 178 5 0 255
mappingkey 0.435294 181 9 0 255
mappingkey 0.439216 181 9 0 255
mappingkey 0.443137 182 11 0 255
mappingkey 0.447059 184 13 0 255
mappingkey 0.45098 185 15 0 255
mappingkey 0.454902 188 18 0 255
mappingkey 0.458824 189 20 0 255
mappingkey 0.462745 192 24 0 255
mappingkey 0.466667 192 24 0 255
mappingkey 0.470588 194 26 0 255
mappingkey 0.47451 194 26 0 255
mappingkey 0.478431 197 30 0 255
mappingkey 0.482353 198 32 0 255
mappingkey 0.486275 199 34 0 255
mappingkey 0.490196 199 34 0 255
mappingkey 0.494118 201 35 0 255
mappingkey 0.498039 204 39 0 255
mappingkey 0.501961 207 43 0 255
mappingkey 0.505882 208 45 0 255
mappingkey 0.509804 208 45 0 255
mappingkey 0.513726 210 47 0 255
mappingkey 0.517647 212 51 0 255
mappingkey 0.521569 212 51 0 255
mappingkey 0.52549 214 52 0 255
mappingkey 0.529412 214 52 0 255
mappingkey 0.533333 215 54 0 255
mappingkey 0.537255 217 56 0 255
mappingkey 0.541176 221 62 0 255
mappingkey 0.545098 223 64 0 255
mappingkey 0.54902 223 64 0 255
mappingkey 0.552941 224 66 0 255
mappingkey 0.556863 226 68 0 255
mappingkey 0.560784 228 71 0 255
mappingkey 0.564706 230 73 0 255
mappingkey 0.568627 230 73 0 255
mappingkey 0.572549 231 75 0 255
mappingkey 0.576471 231 75 0 255
mappingkey 0.580392 233 77 0 255
mappingkey 0.584314 233 77 0 255
mappingkey 0.588235 237 83 0 255
mappingkey 0.592157 239 85 0 255
mappingkey 0.596078 240 86 0 255
mappingkey 0.6 241 88 0 255
mappingkey 0.603922 241 88 0 255
mappingkey 0.607843 244 92 0 255
mappingkey 0.611765 246 94 0 255
mappingkey 0.615686 247 96 0 255
mappingkey 0.619608 247 96 0 255
mappingkey 0.623529 249 98 0 255
mappingkey 0.627451 249 98 0 255
mappingkey 0.631373 253 103 0 255
mappingkey 0.635294 253 103 0 255
mappingkey 0.639216 255 105 0 255
mappingkey 0.643137 255 107 0 255
mappingkey 0.647059 255 109 0 255
mappingkey 0.65098 255 109 0 255
mappingkey 0.654902 255 113 0 255
mappingkey 0.658824 255 115 0 255
mappingkey 0.662745 255 115 0 255
mappingkey 0.666667 255 117 0 255
mappingkey 0.670588 255 120 0 255
mappingkey 0.67451 255 124 0 255
mappingkey 0.678431 255 124 0 255
mappingkey 0.682353 255 124 0 255
mappingkey 0.686275 255 126 0 255
mappingkey 0.690196 255 128 0 255
mappingkey 0.694118 255 128 0 255
mappingkey 0.698039 255 130 0 255
mappingkey 0.701961 255 134 3 255
mappingkey 0.705882 255 134 3 255
mappingkey 0.709804 255 136 7 255
mappingkey 0.713726 255 139 15 255
mappingkey 0.717647 255 141 19 255
mappingkey 0.721569 255 141 19 255
mappingkey 0.72549 255 145 27 255
mappingkey 0.729412 255 147 31 255
mappingkey 0.733333 255 147 31 255
mappingkey 0.737255 255 147 31 255
mappingkey 0.741176 255 149 35 255
mappingkey 0.745098 255 151 39 255
mappingkey 0.74902 255 151 39 255
mappingkey 0.752941 255 154 47 255
mappingkey 0.756863 255 158 54 255
mappingkey 0.760784 255 158 54 255
mappingkey 0.764706 255 160 58 255
mappingkey 0.768627 255 162 62 255
mappingkey 0.772549 255 162 62 255
mappingkey 0.776471 255 166 70 255
mappingkey 0.780392 255 168 74 255
mappingkey 0.784314 255 170 78 255
mappingkey 0.788235 255 170 78 255
mappingkey 0.792157 255 171 82 255
mappingkey 0.796078 255 171 82 255
mappingkey 0.8 255 171 82 255
mappingkey 0.803922 255 175 90 255
mappingkey 0.807843 255 179 98 255
mappingkey 0.811765 255 179 98 255
mappingkey 0.815686 255 181 102 255
mappingkey 0.819608 255 183 105 255
mappingkey 0.823529 255 183 105 255
mappingkey 0.827451 255 187 113 255
mappingkey 0.831373 255 188 117 255
mappingkey 0.835294 255 188 117 255
mappingkey 0.839216 255 190 121 255
mappingkey 0.843137 255 192 125 255
mappingkey 0.847059 255 192 125 255
mappingkey 0.85098 255 198 137 255
mappingkey 0.854902 255 198 137 255
mappingkey 0.858824 255 198 137 255
mappingkey 0.862745 255 200 141 255
mappingkey 0.866667 255 202 145 255
mappingkey 0.870588 255 202 145 255
mappingkey 0.87451 255 204 149 255
mappingkey 0.878431 255 207 156 255
mappingkey 0.882353 255 207 156 255
mappingkey 0.886275 255 209 160 255
mappingkey 0.890196 255 211 164 255
mappingkey 0.894118 255 211 164 255
mappingkey 0.898039 255 213 168 255
mappingkey 0.901961 255 219 180 255
mappingkey 0.905882 255 219 180 255
mappingkey 0.909804 255 221 184 255
mappingkey 0.913725 255 221 184 255
mappingkey 0.917647 255 221 184 255
mappingkey 0.921569 255 222 188 255
mappingkey 0.92549 255 224 192 255
mappingkey 0.929412 255 224 192 255
mappingkey 0.933333 255 228 200 255
mappingkey 0.937255 255 230 204 255
mappingkey 0.941176 255 230 204 255
mappingkey 0.945098 255 232 207 255
mappingkey 0.94902 255 236 215 255
mappingkey 0.952941 255 236 215 255
mappingkey 0.956863 255 239 223 255
mappingkey 0.960784 255 241 227 255
mappingkey 0.964706 255 241 227 255
mappingkey 0.968627 255 243 231 255
mappingkey 0.972549 255 243 231 255
mappingkey 0.976471 255 243 231 255
mappingkey 0.980392 255 245 235 255
mappingkey 0.984314 255 245 235 255
mappingkey 0.988235 255 249 243 255
mappingkey 0.992157 255 251 247 255
mappingkey 0.996078 255 251 247 255
mappingkey 1 255 255 255 255
