width 256
lower 0.0
upper 1.0
mappingkey 0.0 0 0 0 255
mappingkey 0.00392156885937 1 1 0 255
mappingkey 0.00784313771874 2 2 0 255
mappingkey 0.0117647061124 4 3 0 255
mappingkey 0.0156862754375 5 4 0 255
mappingkey 0.0196078438312 7 5 0 255
mappingkey 0.0235294122249 8 6 0 255
mappingkey 0.0274509806186 10 7 0 255
mappingkey 0.0313725508749 11 8 0 255
mappingkey 0.0352941192687 13 9 0 255
mappingkey 0.0392156876624 14 10 0 255
mappingkey 0.0431372560561 15 11 0 255
mappingkey 0.0470588244498 17 12 0 255
mappingkey 0.0509803928435 18 13 0 255
mappingkey 0.0549019612372 20 14 0 255
mappingkey 0.0588235296309 21 15 0 255
mappingkey 0.0627451017499 23 16 0 255
mappingkey 0.0666666701436 24 17 0 255
mappingkey 0.0705882385373 26 18 0 255
mappingkey 0.074509806931 27 19 0 255
mappingkey 0.0784313753247 28 20 0 255
mappingkey 0.0823529437184 30 21 0 255
mappingkey 0.0862745121121 31 22 0 255
mappingkey 0.0901960805058 33 23 0 255
mappingkey 0.0941176488996 34 24 0 255
mappingkey 0.0980392172933 36 25 0 255
mappingkey 0.101960785687 37 26 0 255
mappingkey 0.105882354081 39 27 0 255
mappingkey 0.109803922474 40 28 0 255
mappingkey 0.113725490868 42 29 0 255
mappingkey 0.117647059262 43 30 0 255
mappingkey 0.121568627656 44 31 0 255
mappingkey 0.1254902035 46 32 0 255
mappingkey 0.129411771894 47 33 0 255
mappingkey 0.133333340287 49 34 0 255
mappingkey 0.137254908681 50 35 0 255
mappingkey 0.141176477075 52 36 0 255
mappingkey 0.145098045468 53 37 0 255
mappingkey 0.149019613862 55 38 0 255
mappingkey 0.152941182256 56 39 0 255
mappingkey 0.156862750649 57 40 0 255
mappingkey 0.160784319043 59 41 0 255
mappingkey 0.164705887437 60 42 0 255
mappingkey 0.168627455831 62 43 0 255
mappingkey 0.172549024224 63 44 0 255
mappingkey 0.176470592618 65 45 0 255
mappingkey 0.180392161012 66 46 0 255
mappingkey 0.184313729405 68 47 0 255
mappingkey 0.188235297799 69 48 0 255
mappingkey 0.192156866193 70 49 0 255
mappingkey 0.196078434587 72 50 0 255
mappingkey 0.20000000298 73 51 0 255
mappingkey 0.203921571374 75 52 0 255
mappingkey 0.207843139768 76 53 0 255
mappingkey 0.211764708161 78 54 0 255
mappingkey 0.215686276555 79 55 0 255
mappingkey 0.219607844949 81 56 0 255
mappingkey 0.223529413342 82 57 0 255
mappingkey 0.227450981736 84 58 0 255
mappingkey 0.23137255013 85 59 0 255
mappingkey 0.235294118524 86 60 0 255
mappingkey 0.239215686917 88 61 0 255
mappingkey 0.243137255311 89 62 0 255
mappingkey 0.247058823705 91 63 0 255
mappingkey 0.250980407 92 64 0 255
mappingkey 0.254901975393 94 65 0 255
mappingkey 0.258823543787 95 66 0 255
mappingkey 0.262745112181 97 67 0 255
mappingkey 0.266666680574 98 68 0 255
mappingkey 0.270588248968 99 69 0 255
mappingkey 0.274509817362 101 70 0 255
mappingkey 0.278431385756 102 71 0 255
mappingkey 0.282352954149 104 72 0 255
mappingkey 0.286274522543 105 73 0 255
mappingkey 0.290196090937 107 74 0 255
mappingkey 0.29411765933 108 75 0 255
mappingkey 0.298039227724 110 76 0 255
mappingkey 0.301960796118 111 77 0 255
mappingkey 0.305882364511 113 78 0 255
mappingkey 0.309803932905 114 79 0 255
mappingkey 0.313725501299 115 80 0 255
mappingkey 0.317647069693 117 81 0 255
mappingkey 0.321568638086 118 82 0 255
mappingkey 0.32549020648 120 83 0 255
mappingkey 0.329411774874 121 84 0 255
mappingkey 0.333333343267 123 85 0 255
mappingkey 0.337254911661 124 86 0 255
mappingkey 0.341176480055 126 87 0 255
mappingkey 0.345098048449 127 88 0 255
mappingkey 0.349019616842 128 89 0 255
mappingkey 0.352941185236 130 90 0 255
mappingkey 0.35686275363 131 91 0 255
mappingkey 0.360784322023 133 92 0 255
mappingkey 0.364705890417 134 93 0 255
mappingkey 0.368627458811 136 94 0 255
mappingkey 0.372549027205 137 95 0 255
mappingkey 0.376470595598 139 96 0 255
mappingkey 0.380392163992 140 97 0 255
mappingkey 0.384313732386 141 98 0 255
mappingkey 0.388235300779 143 99 0 255
mappingkey 0.392156869173 144 100 0 255
mappingkey 0.396078437567 146 101 0 255
mappingkey 0.40000000596 147 102 0 255
mappingkey 0.403921574354 149 103 0 255
mappingkey 0.407843142748 150 104 0 255
mappingkey 0.411764711142 152 105 0 255
mappingkey 0.415686279535 153 106 0 255
mappingkey 0.419607847929 155 107 0 255
mappingkey 0.423529416323 156 108 0 255
mappingkey 0.427450984716 157 109 0 255
mappingkey 0.43137255311 159 110 0 255
mappingkey 0.435294121504 160 111 0 255
mappingkey 0.439215689898 162 112 0 255
mappingkey 0.443137258291 163 113 0 255
mappingkey 0.447058826685 165 114 0 255
mappingkey 0.450980395079 166 115 0 255
mappingkey 0.454901963472 168 116 0 255
mappingkey 0.458823531866 169 117 0 255
mappingkey 0.46274510026 170 118 0 255
mappingkey 0.466666668653 172 119 0 255
mappingkey 0.470588237047 173 120 0 255
mappingkey 0.474509805441 175 121 0 255
mappingkey 0.478431373835 176 122 0 255
mappingkey 0.482352942228 178 123 0 255
mappingkey 0.486274510622 179 124 0 255
mappingkey 0.490196079016 181 125 0 255
mappingkey 0.494117647409 182 126 0 255
mappingkey 0.498039215803 184 127 0 255
mappingkey 0.501960813999 185 128 0 255
mappingkey 0.505882382393 186 129 0 255
mappingkey 0.509803950787 188 130 0 255
mappingkey 0.51372551918 189 131 0 255
mappingkey 0.517647087574 191 132 0 255
mappingkey 0.521568655968 192 133 0 255
mappingkey 0.525490224361 194 134 0 255
mappingkey 0.529411792755 195 135 0 255
mappingkey 0.533333361149 197 136 0 255
mappingkey 0.537254929543 198 137 0 255
mappingkey 0.541176497936 199 138 0 255
mappingkey 0.54509806633 201 139 0 255
mappingkey 0.549019634724 202 140 0 255
mappingkey 0.552941203117 204 141 0 255
mappingkey 0.556862771511 205 142 0 255
mappingkey 0.560784339905 207 143 0 255
mappingkey 0.564705908298 208 144 0 255
mappingkey 0.568627476692 210 145 0 255
mappingkey 0.572549045086 211 146 0 255
mappingkey 0.57647061348 212 147 0 255
mappingkey 0.580392181873 214 148 0 255
mappingkey 0.584313750267 215 149 0 255
mappingkey 0.588235318661 217 150 0 255
mappingkey 0.592156887054 218 151 0 255
mappingkey 0.596078455448 220 152 0 255
mappingkey 0.600000023842 221 153 0 255
mappingkey 0.603921592236 223 154 0 255
mappingkey 0.607843160629 224 155 0 255
mappingkey 0.611764729023 226 156 0 255
mappingkey 0.615686297417 227 157 0 255
mappingkey 0.61960786581 228 158 0 255
mappingkey 0.623529434204 230 159 0 255
mappingkey 0.627451002598 231 160 0 255
mappingkey 0.631372570992 233 161 0 255
mappingkey 0.635294139385 234 162 0 255
mappingkey 0.639215707779 236 163 0 255
mappingkey 0.643137276173 237 164 0 255
mappingkey 0.647058844566 239 165 0 255
mappingkey 0.65098041296 240 166 0 255
mappingkey 0.654901981354 241 167 0 255
mappingkey 0.658823549747 243 168 0 255
mappingkey 0.662745118141 244 169 0 255
mappingkey 0.666666686535 246 170 0 255
mappingkey 0.670588254929 247 171 0 255
mappingkey 0.674509823322 249 172 0 255
mappingkey 0.678431391716 250 173 0 255
mappingkey 0.68235296011 252 174 0 255
mappingkey 0.686274528503 253 175 0 255
mappingkey 0.690196096897 255 176 0 255
mappingkey 0.694117665291 255 177 0 255
mappingkey 0.698039233685 255 178 0 255
mappingkey 0.701960802078 255 179 0 255
mappingkey 0.705882370472 255 180 0 255
mappingkey 0.709803938866 255 181 0 255
mappingkey 0.713725507259 255 182 0 255
mappingkey 0.717647075653 255 183 0 255
mappingkey 0.721568644047 255 184 0 255
mappingkey 0.72549021244 255 185 0 255
mappingkey 0.729411780834 255 186 0 255
mappingkey 0.733333349228 255 187 0 255
mappingkey 0.737254917622 255 188 0 255
mappingkey 0.741176486015 255 189 0 255
mappingkey 0.745098054409 255 190 0 255
mappingkey 0.749019622803 255 191 3 255
mappingkey 0.752941191196 255 192 7 255
mappingkey 0.75686275959 255 193 11 255
mappingkey 0.760784327984 255 194 15 255
mappingkey 0.764705896378 255 195 19 255
mappingkey 0.768627464771 255 196 23 255
mappingkey 0.772549033165 255 197 27 255
mappingkey 0.776470601559 255 198 31 255
mappingkey 0.780392169952 255 199 35 255
mappingkey 0.784313738346 255 200 39 255
mappingkey 0.78823530674 255 201 43 255
mappingkey 0.792156875134 255 202 47 255
mappingkey 0.796078443527 255 203 51 255
mappingkey 0.800000011921 255 204 54 255
mappingkey 0.803921580315 255 205 58 255
mappingkey 0.807843148708 255 206 62 255
mappingkey 0.811764717102 255 207 66 255
mappingkey 0.815686285496 255 208 70 255
mappingkey 0.819607853889 255 209 74 255
mappingkey 0.823529422283 255 210 78 255
mappingkey 0.827450990677 255 211 82 255
mappingkey 0.831372559071 255 212 86 255
mappingkey 0.835294127464 255 213 90 255
mappingkey 0.839215695858 255 214 94 255
mappingkey 0.843137264252 255 215 98 255
mappingkey 0.847058832645 255 216 102 255
mappingkey 0.850980401039 255 217 105 255
mappingkey 0.854901969433 255 218 109 255
mappingkey 0.858823537827 255 219 113 255
mappingkey 0.86274510622 255 220 117 255
mappingkey 0.866666674614 255 221 121 255
mappingkey 0.870588243008 255 222 125 255
mappingkey 0.874509811401 255 223 129 255
mappingkey 0.878431379795 255 224 133 255
mappingkey 0.882352948189 255 225 137 255
mappingkey 0.886274516582 255 226 141 255
mappingkey 0.890196084976 255 227 145 255
mappingkey 0.89411765337 255 228 149 255
mappingkey 0.898039221764 255 229 153 255
mappingkey 0.901960790157 255 230 156 255
mappingkey 0.905882358551 255 231 160 255
mappingkey 0.909803926945 255 232 164 255
mappingkey 0.913725495338 255 233 168 255
mappingkey 0.917647063732 255 234 172 255
mappingkey 0.921568632126 255 235 176 255
mappingkey 0.92549020052 255 236 180 255
mappingkey 0.929411768913 255 237 184 255
mappingkey 0.933333337307 255 238 188 255
mappingkey 0.937254905701 255 239 192 255
mappingkey 0.941176474094 255 240 196 255
mappingkey 0.945098042488 255 241 200 255
mappingkey 0.949019610882 255 242 204 255
mappingkey 0.952941179276 255 243 207 255
mappingkey 0.956862747669 255 244 211 255
mappingkey 0.960784316063 255 245 215 255
mappingkey 0.964705884457 255 246 219 255
mappingkey 0.96862745285 255 247 223 255
mappingkey 0.972549021244 255 248 227 255
mappingkey 0.976470589638 255 249 231 255
mappingkey 0.980392158031 255 250 235 255
mappingkey 0.984313726425 255 251 239 255
mappingkey 0.988235294819 255 252 243 255
mappingkey 0.992156863213 255 253 247 255
mappingkey 0.996078431606 255 254 251 255
mappingkey 1.0 255 255 255 255
