width 256
lower 0.0
upper 1.0
mappingkey 0 0 0 0 255
mappingkey 0.00392156862745 4 0 0 255
mappingkey 0.0078431372549 6 0 0 255
mappingkey 0.0117647058824 10 0 0 255
mappingkey 0.0156862745098 13 0 0 255
mappingkey 0.0196078431373 17 0 0 255
mappingkey 0.0235294117647 20 0 0 255
mappingkey 0.0274509803922 24 0 0 255
mappingkey 0.0313725490196 27 0 0 255
mappingkey 0.0352941176471 31 0 0 255
mappingkey 0.0392156862745 33 0 0 255
mappingkey 0.043137254902 37 0 0 255
mappingkey 0.0470588235294 40 0 0 255
mappingkey 0.0509803921569 44 0 0 255
mappingkey 0.0549019607843 47 0 0 255
mappingkey 0.0588235294118 51 0 0 255
mappingkey 0.0627450980392 54 0 0 255
mappingkey 0.0666666666667 58 0 0 255
mappingkey 0.0705882352941 61 0 0 255
mappingkey 0.0745098039216 65 0 0 255
mappingkey 0.078431372549 67 0 0 255
mappingkey 0.0823529411765 71 0 0 255
mappingkey 0.0862745098039 74 0 0 255
mappingkey 0.0901960784314 78 0 0 255
mappingkey 0.0941176470588 81 0 0 255
mappingkey 0.0980392156863 85 0 0 255
mappingkey 0.101960784314 88 0 0 255
mappingkey 0.105882352941 92 0 0 255
mappingkey 0.109803921569 94 0 0 255
mappingkey 0.113725490196 99 0 0 255
mappingkey 0.117647058824 101 0 0 255
mappingkey 0.121568627451 105 0 0 255
mappingkey 0.125490196078 108 0 0 255
mappingkey 0.129411764706 112 0 0 255
mappingkey 0.133333333333 115 0 0 255
mappingkey 0.137254901961 119 0 0 255
mappingkey 0.141176470588 122 0 0 255
mappingkey 0.145098039216 126 0 0 255
mappingkey 0.149019607843 128 0 0 255
mappingkey 0.152941176471 132 4 0 255
mappingkey 0.156862745098 135 7 0 255
mappingkey 0.160784313725 139 12 0 255
mappingkey 0.164705882353 142 15 0 255
mappingkey 0.16862745098 146 20 0 255
mappingkey 0.172549019608 149 23 0 255
mappingkey 0.176470588235 153 28 0 255
mappingkey 0.180392156863 155 31 0 255
mappingkey 0.18431372549 160 36 0 255
mappingkey 0.188235294118 162 39 0 255
mappingkey 0.192156862745 166 44 0 255
mappingkey 0.196078431373 169 47 0 255
mappingkey 0.2 173 52 0 255
mappingkey 0.203921568627 176 55 0 255
mappingkey 0.207843137255 180 60 0 255
mappingkey 0.211764705882 183 63 0 255
mappingkey 0.21568627451 187 68 0 255
mappingkey 0.219607843137 189 71 0 255
mappingkey 0.223529411765 193 76 0 255
mappingkey 0.227450980392 196 79 0 255
mappingkey 0.23137254902 200 84 0 255
mappingkey 0.235294117647 203 87 0 255
mappingkey 0.239215686275 207 92 0 255
mappingkey 0.243137254902 210 95 0 255
mappingkey 0.247058823529 214 100 0 255
mappingkey 0.250980392157 217 103 0 255
mappingkey 0.254901960784 221 108 0 255
mappingkey 0.258823529412 223 111 0 255
mappingkey 0.262745098039 227 116 0 255
mappingkey 0.266666666667 230 119 0 255
mappingkey 0.270588235294 234 124 0 255
mappingkey 0.274509803922 237 127 0 255
mappingkey 0.278431372549 241 132 0 255
mappingkey 0.282352941176 244 135 0 255
mappingkey 0.286274509804 248 140 0 255
mappingkey 0.290196078431 250 143 0 255
mappingkey 0.294117647059 255 148 0 255
mappingkey 0.298039215686 255 151 0 255
mappingkey 0.301960784314 255 156 5 255
mappingkey 0.305882352941 255 159 13 255
mappingkey 0.309803921569 255 164 25 255
mappingkey 0.313725490196 255 167 33 255
mappingkey 0.317647058824 255 172 45 255
mappingkey 0.321568627451 255 175 53 255
mappingkey 0.325490196078 255 180 65 255
mappingkey 0.329411764706 255 183 73 255
mappingkey 0.333333333333 255 188 85 255
mappingkey 0.337254901961 255 191 94 255
mappingkey 0.341176470588 255 196 106 255
mappingkey 0.345098039216 255 199 114 255
mappingkey 0.349019607843 255 204 126 255
mappingkey 0.352941176471 255 207 134 255
mappingkey 0.356862745098 255 212 146 255
mappingkey 0.360784313725 255 215 154 255
mappingkey 0.364705882353 255 220 166 255
mappingkey 0.36862745098 255 223 175 255
mappingkey 0.372549019608 255 228 187 255
mappingkey 0.376470588235 255 231 195 255
mappingkey 0.380392156863 255 236 207 255
mappingkey 0.38431372549 255 239 215 255
mappingkey 0.388235294118 255 244 227 255
mappingkey 0.392156862745 255 247 235 255
mappingkey 0.396078431373 255 252 247 255
mappingkey 0.4 255 255 255 255
mappingkey 0.403921568627 255 255 255 255
mappingkey 0.407843137255 255 255 255 255
mappingkey 0.411764705882 255 255 255 255
mappingkey 0.41568627451 255 255 255 255
mappingkey 0.419607843137 255 255 255 255
mappingkey 0.423529411765 255 255 255 255
mappingkey 0.427450980392 255 255 255 255
mappingkey 0.43137254902 255 255 255 255
mappingkey 0.435294117647 255 255 255 255
mappingkey 0.439215686275 255 255 255 255
mappingkey 0.443137254902 255 255 255 255
mappingkey 0.447058823529 255 255 255 255
mappingkey 0.450980392157 255 255 255 255
mappingkey 0.454901960784 255 255 255 255
mappingkey 0.458823529412 255 255 255 255
mappingkey 0.462745098039 255 255 255 255
mappingkey 0.466666666667 255 255 255 255
mappingkey 0.470588235294 255 255 255 255
mappingkey 0.474509803922 255 255 255 255
mappingkey 0.478431372549 255 255 255 255
mappingkey 0.482352941176 255 255 255 255
mappingkey 0.486274509804 255 255 255 255
mappingkey 0.490196078431 255 255 255 255
mappingkey 0.494117647059 255 255 255 255
mappingkey 0.498039215686 255 255 255 255
mappingkey 0.501960784314 255 255 255 255
mappingkey 0.505882352941 255 255 255 255
mappingkey 0.509803921569 255 255 255 255
mappingkey 0.513725490196 255 255 255 255
mappingkey 0.517647058824 255 255 255 255
mappingkey 0.521568627451 255 255 255 255
mappingkey 0.525490196078 255 255 255 255
mappingkey 0.529411764706 255 255 255 255
mappingkey 0.533333333333 255 255 255 255
mappingkey 0.537254901961 255 255 255 255
mappingkey 0.541176470588 255 255 255 255
mappingkey 0.545098039216 255 255 255 255
mappingkey 0.549019607843 255 255 255 255
mappingkey 0.552941176471 255 255 255 255
mappingkey 0.556862745098 255 255 255 255
mappingkey 0.560784313725 255 255 255 255
mappingkey 0.564705882353 255 255 255 255
mappingkey 0.56862745098 255 255 255 255
mappingkey 0.572549019608 255 255 255 255
mappingkey 0.576470588235 255 255 255 255
mappingkey 0.580392156863 255 255 255 255
mappingkey 0.58431372549 255 255 255 255
mappingkey 0.588235294118 255 255 255 255
mappingkey 0.592156862745 255 255 255 255
mappingkey 0.596078431373 255 255 255 255
mappingkey 0.6 255 255 255 255
mappingkey 0.603921568627 255 255 255 255
mappingkey 0.607843137255 255 255 255 255
mappingkey 0.611764705882 255 255 255 255
mappingkey 0.61568627451 255 255 255 255
mappingkey 0.619607843137 255 255 255 255
mappingkey 0.623529411765 255 255 255 255
mappingkey 0.627450980392 255 255 255 255
mappingkey 0.63137254902 255 255 255 255
mappingkey 0.635294117647 255 255 255 255
mappingkey 0.639215686275 255 255 255 255
mappingkey 0.643137254902 255 255 255 255
mappingkey 0.647058823529 255 255 255 255
mappingkey 0.650980392157 255 255 255 255
mappingkey 0.654901960784 255 255 255 255
mappingkey 0.658823529412 255 255 255 255
mappingkey 0.662745098039 255 255 255 255
mappingkey 0.666666666667 255 255 255 255
mappingkey 0.670588235294 255 255 255 255
mappingkey 0.674509803922 255 255 255 255
mappingkey 0.678431372549 255 255 255 255
mappingkey 0.682352941176 255 255 255 255
mappingkey 0.686274509804 255 255 255 255
mappingkey 0.690196078431 255 255 255 255
mappingkey 0.694117647059 255 255 255 255
mappingkey 0.698039215686 255 255 255 255
mappingkey 0.701960784314 255 255 255 255
mappingkey 0.705882352941 255 255 255 255
mappingkey 0.709803921569 255 255 255 255
mappingkey 0.713725490196 255 255 255 255
mappingkey 0.717647058824 255 255 255 255
mappingkey 0.721568627451 255 255 255 255
mappingkey 0.725490196078 255 255 255 255
mappingkey 0.729411764706 255 255 255 255
mappingkey 0.733333333333 255 255 255 255
mappingkey 0.737254901961 255 255 255 255
mappingkey 0.741176470588 255 255 255 255
mappingkey 0.745098039216 255 255 255 255
mappingkey 0.749019607843 255 255 255 255
mappingkey 0.752941176471 255 255 255 255
mappingkey 0.756862745098 255 255 255 255
mappingkey 0.760784313725 255 255 255 255
mappingkey 0.764705882353 255 255 255 255
mappingkey 0.76862745098 255 255 255 255
mappingkey 0.772549019608 255 255 255 255
mappingkey 0.776470588235 255 255 255 255
mappingkey 0.780392156863 255 255 255 255
mappingkey 0.78431372549 255 255 255 255
mappingkey 0.788235294118 255 255 255 255
mappingkey 0.792156862745 255 255 255 255
mappingkey 0.796078431373 255 255 255 255
mappingkey 0.8 255 255 255 255
mappingkey 0.803921568627 255 255 255 255
mappingkey 0.807843137255 255 255 255 255
mappingkey 0.811764705882 255 255 255 255
mappingkey 0.81568627451 255 255 255 255
mappingkey 0.819607843137 255 255 255 255
mappingkey 0.823529411765 255 255 255 255
mappingkey 0.827450980392 255 255 255 255
mappingkey 0.83137254902 255 255 255 255
mappingkey 0.835294117647 255 255 255 255
mappingkey 0.839215686275 255 255 255 255
mappingkey 0.843137254902 255 255 255 255
mappingkey 0.847058823529 255 255 255 255
mappingkey 0.850980392157 255 255 255 255
mappingkey 0.854901960784 255 255 255 255
mappingkey 0.858823529412 255 255 255 255
mappingkey 0.862745098039 255 255 255 255
mappingkey 0.866666666667 255 255 255 255
mappingkey 0.870588235294 255 255 255 255
mappingkey 0.874509803922 255 255 255 255
mappingkey 0.878431372549 255 255 255 255
mappingkey 0.882352941176 255 255 255 255
mappingkey 0.886274509804 255 255 255 255
mappingkey 0.890196078431 255 255 255 255
mappingkey 0.894117647059 255 255 255 255
mappingkey 0.898039215686 255 255 255 255
mappingkey 0.901960784314 255 255 255 255
mappingkey 0.905882352941 255 255 255 255
mappingkey 0.909803921569 255 255 255 255
mappingkey 0.913725490196 255 255 255 255
mappingkey 0.917647058824 255 255 255 255
mappingkey 0.921568627451 255 255 255 255
mappingkey 0.925490196078 255 255 255 255
mappingkey 0.929411764706 255 255 255 255
mappingkey 0.933333333333 255 255 255 255
mappingkey 0.937254901961 255 255 255 255
mappingkey 0.941176470588 255 255 255 255
mappingkey 0.945098039216 255 255 255 255
mappingkey 0.949019607843 255 255 255 255
mappingkey 0.952941176471 255 255 255 255
mappingkey 0.956862745098 255 255 255 255
mappingkey 0.960784313725 255 255 255 255
mappingkey 0.964705882353 255 255 255 255
mappingkey 0.96862745098 255 255 255 255
mappingkey 0.972549019608 255 255 255 255
mappingkey 0.976470588235 255 255 255 255
mappingkey 0.980392156863 255 255 255 255
mappingkey 0.98431372549 255 255 255 255
mappingkey 0.988235294118 255 255 255 255
mappingkey 0.992156862745 255 255 255 255
mappingkey 0.996078431373 255 255 255 255
mappingkey 1 255 255 255 255