width 256
lower 0.0
upper 1.0
mappingkey 0 0 0 0 255
mappingkey 0.00392156862745 0 0 4 255
mappingkey 0.0078431372549 0 0 6 255
mappingkey 0.0117647058824 0 0 10 255
mappingkey 0.0156862745098 0 0 13 255
mappingkey 0.0196078431373 0 0 17 255
mappingkey 0.0235294117647 0 0 20 255
mappingkey 0.0274509803922 0 0 24 255
mappingkey 0.0313725490196 0 0 27 255
mappingkey 0.0352941176471 0 0 31 255
mappingkey 0.0392156862745 0 0 33 255
mappingkey 0.043137254902 0 0 37 255
mappingkey 0.0470588235294 0 0 40 255
mappingkey 0.0509803921569 0 0 44 255
mappingkey 0.0549019607843 0 0 47 255
mappingkey 0.0588235294118 0 0 51 255
mappingkey 0.0627450980392 0 0 54 255
mappingkey 0.0666666666667 0 0 58 255
mappingkey 0.0705882352941 0 0 61 255
mappingkey 0.0745098039216 0 0 65 255
mappingkey 0.078431372549 0 0 67 255
mappingkey 0.0823529411765 0 0 71 255
mappingkey 0.0862745098039 0 0 74 255
mappingkey 0.0901960784314 0 0 78 255
mappingkey 0.0941176470588 0 0 81 255
mappingkey 0.0980392156863 0 0 85 255
mappingkey 0.101960784314 0 0 88 255
mappingkey 0.105882352941 0 0 92 255
mappingkey 0.109803921569 0 0 94 255
mappingkey 0.113725490196 0 0 99 255
mappingkey 0.117647058824 0 0 101 255
mappingkey 0.121568627451 0 0 105 255
mappingkey 0.125490196078 0 0 108 255
mappingkey 0.129411764706 0 0 112 255
mappingkey 0.133333333333 0 0 115 255
mappingkey 0.137254901961 0 0 119 255
mappingkey 0.141176470588 0 0 122 255
mappingkey 0.145098039216 0 0 126 255
mappingkey 0.149019607843 0 0 128 255
mappingkey 0.152941176471 0 4 132 255
mappingkey 0.156862745098 0 7 135 255
mappingkey 0.160784313725 0 12 139 255
mappingkey 0.164705882353 0 15 142 255
mappingkey 0.16862745098 0 20 146 255
mappingkey 0.172549019608 0 23 149 255
mappingkey 0.176470588235 0 28 153 255
mappingkey 0.180392156863 0 31 155 255
mappingkey 0.18431372549 0 36 160 255
mappingkey 0.188235294118 0 39 162 255
mappingkey 0.192156862745 0 44 166 255
mappingkey 0.196078431373 0 47 169 255
mappingkey 0.2 0 52 173 255
mappingkey 0.203921568627 0 55 176 255
mappingkey 0.207843137255 0 60 180 255
mappingkey 0.211764705882 0 63 183 255
mappingkey 0.21568627451 0 68 187 255
mappingkey 0.219607843137 0 71 189 255
mappingkey 0.223529411765 0 76 193 255
mappingkey 0.227450980392 0 79 196 255
mappingkey 0.23137254902 0 84 200 255
mappingkey 0.235294117647 0 87 203 255
mappingkey 0.239215686275 0 92 207 255
mappingkey 0.243137254902 0 95 210 255
mappingkey 0.247058823529 0 100 214 255
mappingkey 0.250980392157 0 103 217 255
mappingkey 0.254901960784 0 108 221 255
mappingkey 0.258823529412 0 111 223 255
mappingkey 0.262745098039 0 116 227 255
mappingkey 0.266666666667 0 119 230 255
mappingkey 0.270588235294 0 124 234 255
mappingkey 0.274509803922 0 127 237 255
mappingkey 0.278431372549 0 132 241 255
mappingkey 0.282352941176 0 135 244 255
mappingkey 0.286274509804 0 140 248 255
mappingkey 0.290196078431 0 143 250 255
mappingkey 0.294117647059 0 148 255 255
mappingkey 0.298039215686 0 151 255 255
mappingkey 0.301960784314 5 156 255 255
mappingkey 0.305882352941 13 159 255 255
mappingkey 0.309803921569 25 164 255 255
mappingkey 0.313725490196 33 167 255 255
mappingkey 0.317647058824 45 172 255 255
mappingkey 0.321568627451 53 175 255 255
mappingkey 0.325490196078 65 180 255 255
mappingkey 0.329411764706 73 183 255 255
mappingkey 0.333333333333 85 188 255 255
mappingkey 0.337254901961 94 191 255 255
mappingkey 0.341176470588 106 196 255 255
mappingkey 0.345098039216 114 199 255 255
mappingkey 0.349019607843 126 204 255 255
mappingkey 0.352941176471 134 207 255 255
mappingkey 0.356862745098 146 212 255 255
mappingkey 0.360784313725 154 215 255 255
mappingkey 0.364705882353 166 220 255 255
mappingkey 0.36862745098 175 223 255 255
mappingkey 0.372549019608 187 228 255 255
mappingkey 0.376470588235 195 231 255 255
mappingkey 0.380392156863 207 236 255 255
mappingkey 0.38431372549 215 239 255 255
mappingkey 0.388235294118 227 244 255 255
mappingkey 0.392156862745 235 247 255 255
mappingkey 0.396078431373 247 252 255 255
mappingkey 0.4 255 255 255 255
mappingkey 0.403921568627 255 255 255 255
mappingkey 0.407843137255 255 255 255 255
mappingkey 0.411764705882 255 255 255 255
mappingkey 0.41568627451 255 255 255 255
mappingkey 0.419607843137 255 255 255 255
mappingkey 0.423529411765 255 255 255 255
mappingkey 0.427450980392 255 255 255 255
mappingkey 0.43137254902 255 255 255 255
mappingkey 0.435294117647 255 255 255 255
mappingkey 0.439215686275 255 255 255 255
mappingkey 0.443137254902 255 255 255 255
mappingkey 0.447058823529 255 255 255 255
mappingkey 0.450980392157 255 255 255 255
mappingkey 0.454901960784 255 255 255 255
mappingkey 0.458823529412 255 255 255 255
mappingkey 0.462745098039 255 255 255 255
mappingkey 0.466666666667 255 255 255 255
mappingkey 0.470588235294 255 255 255 255
mappingkey 0.474509803922 255 255 255 255
mappingkey 0.478431372549 255 255 255 255
mappingkey 0.482352941176 255 255 255 255
mappingkey 0.486274509804 255 255 255 255
mappingkey 0.490196078431 255 255 255 255
mappingkey 0.494117647059 255 255 255 255
mappingkey 0.498039215686 255 255 255 255
mappingkey 0.501960784314 255 255 255 255
mappingkey 0.505882352941 255 255 255 255
mappingkey 0.509803921569 255 255 255 255
mappingkey 0.513725490196 255 255 255 255
mappingkey 0.517647058824 255 255 255 255
mappingkey 0.521568627451 255 255 255 255
mappingkey 0.525490196078 255 255 255 255
mappingkey 0.529411764706 255 255 255 255
mappingkey 0.533333333333 255 255 255 255
mappingkey 0.537254901961 255 255 255 255
mappingkey 0.541176470588 255 255 255 255
mappingkey 0.545098039216 255 255 255 255
mappingkey 0.549019607843 255 255 255 255
mappingkey 0.552941176471 255 255 255 255
mappingkey 0.556862745098 255 255 255 255
mappingkey 0.560784313725 255 255 255 255
mappingkey 0.564705882353 255 255 255 255
mappingkey 0.56862745098 255 255 255 255
mappingkey 0.572549019608 255 255 255 255
mappingkey 0.576470588235 255 255 255 255
mappingkey 0.580392156863 255 255 255 255
mappingkey 0.58431372549 255 255 255 255
mappingkey 0.588235294118 255 255 255 255
mappingkey 0.592156862745 255 255 255 255
mappingkey 0.596078431373 255 255 255 255
mappingkey 0.6 255 255 255 255
mappingkey 0.603921568627 255 255 255 255
mappingkey 0.607843137255 255 255 255 255
mappingkey 0.611764705882 255 255 255 255
mappingkey 0.61568627451 255 255 255 255
mappingkey 0.619607843137 255 255 255 255
mappingkey 0.623529411765 255 255 255 255
mappingkey 0.627450980392 255 255 255 255
mappingkey 0.63137254902 255 255 255 255
mappingkey 0.635294117647 255 255 255 255
mappingkey 0.639215686275 255 255 255 255
mappingkey 0.643137254902 255 255 255 255
mappingkey 0.647058823529 255 255 255 255
mappingkey 0.650980392157 255 255 255 255
mappingkey 0.654901960784 255 255 255 255
mappingkey 0.658823529412 255 255 255 255
mappingkey 0.662745098039 255 255 255 255
mappingkey 0.666666666667 255 255 255 255
mappingkey 0.670588235294 255 255 255 255
mappingkey 0.674509803922 255 255 255 255
mappingkey 0.678431372549 255 255 255 255
mappingkey 0.682352941176 255 255 255 255
mappingkey 0.686274509804 255 255 255 255
mappingkey 0.690196078431 255 255 255 255
mappingkey 0.694117647059 255 255 255 255
mappingkey 0.698039215686 255 255 255 255
mappingkey 0.701960784314 255 255 255 255
mappingkey 0.705882352941 255 255 255 255
mappingkey 0.709803921569 255 255 255 255
mappingkey 0.713725490196 255 255 255 255
mappingkey 0.717647058824 255 255 255 255
mappingkey 0.721568627451 255 255 255 255
mappingkey 0.725490196078 255 255 255 255
mappingkey 0.729411764706 255 255 255 255
mappingkey 0.733333333333 255 255 255 255
mappingkey 0.737254901961 255 255 255 255
mappingkey 0.741176470588 255 255 255 255
mappingkey 0.745098039216 255 255 255 255
mappingkey 0.749019607843 255 255 255 255
mappingkey 0.752941176471 255 255 255 255
mappingkey 0.756862745098 255 255 255 255
mappingkey 0.760784313725 255 255 255 255
mappingkey 0.764705882353 255 255 255 255
mappingkey 0.76862745098 255 255 255 255
mappingkey 0.772549019608 255 255 255 255
mappingkey 0.776470588235 255 255 255 255
mappingkey 0.780392156863 255 255 255 255
mappingkey 0.78431372549 255 255 255 255
mappingkey 0.788235294118 255 255 255 255
mappingkey 0.792156862745 255 255 255 255
mappingkey 0.796078431373 255 255 255 255
mappingkey 0.8 255 255 255 255
mappingkey 0.803921568627 255 255 255 255
mappingkey 0.807843137255 255 255 255 255
mappingkey 0.811764705882 255 255 255 255
mappingkey 0.81568627451 255 255 255 255
mappingkey 0.819607843137 255 255 255 255
mappingkey 0.823529411765 255 255 255 255
mappingkey 0.827450980392 255 255 255 255
mappingkey 0.83137254902 255 255 255 255
mappingkey 0.835294117647 255 255 255 255
mappingkey 0.839215686275 255 255 255 255
mappingkey 0.843137254902 255 255 255 255
mappingkey 0.847058823529 255 255 255 255
mappingkey 0.850980392157 255 255 255 255
mappingkey 0.854901960784 255 255 255 255
mappingkey 0.858823529412 255 255 255 255
mappingkey 0.862745098039 255 255 255 255
mappingkey 0.866666666667 255 255 255 255
mappingkey 0.870588235294 255 255 255 255
mappingkey 0.874509803922 255 255 255 255
mappingkey 0.878431372549 255 255 255 255
mappingkey 0.882352941176 255 255 255 255
mappingkey 0.886274509804 255 255 255 255
mappingkey 0.890196078431 255 255 255 255
mappingkey 0.894117647059 255 255 255 255
mappingkey 0.898039215686 255 255 255 255
mappingkey 0.901960784314 255 255 255 255
mappingkey 0.905882352941 255 255 255 255
mappingkey 0.909803921569 255 255 255 255
mappingkey 0.913725490196 255 255 255 255
mappingkey 0.917647058824 255 255 255 255
mappingkey 0.921568627451 255 255 255 255
mappingkey 0.925490196078 255 255 255 255
mappingkey 0.929411764706 255 255 255 255
mappingkey 0.933333333333 255 255 255 255
mappingkey 0.937254901961 255 255 255 255
mappingkey 0.941176470588 255 255 255 255
mappingkey 0.945098039216 255 255 255 255
mappingkey 0.949019607843 255 255 255 255
mappingkey 0.952941176471 255 255 255 255
mappingkey 0.956862745098 255 255 255 255
mappingkey 0.960784313725 255 255 255 255
mappingkey 0.964705882353 255 255 255 255
mappingkey 0.96862745098 255 255 255 255
mappingkey 0.972549019608 255 255 255 255
mappingkey 0.976470588235 255 255 255 255
mappingkey 0.980392156863 255 255 255 255
mappingkey 0.98431372549 255 255 255 255
mappingkey 0.988235294118 255 255 255 255
mappingkey 0.992156862745 255 255 255 255
mappingkey 0.996078431373 255 255 255 255
mappingkey 1 255 255 255 255