width 256
lower 0.0
upper 1.0
mappingkey 0 0 0 0 255
mappingkey 0.00392157 0 0 0 255
mappingkey 0.00784314 0 0 0 255
mappingkey 0.0117647 0 0 0 255
mappingkey 0.0156863 0 0 0 255
mappingkey 0.0196078 0 0 0 255
mappingkey 0.0235294 0 0 0 255
mappingkey 0.027451 0 0 0 255
mappingkey 0.0313726 0 0 0 255
mappingkey 0.0352941 0 0 0 255
mappingkey 0.0392157 0 0 0 255
mappingkey 0.0431373 0 0 0 255
mappingkey 0.0470588 0 0 0 255
mappingkey 0.0509804 0 0 0 255
mappingkey 0.054902 0 0 0 255
mappingkey 0.0588235 0 0 0 255
mappingkey 0.0627451 0 0 0 255
mappingkey 0.0666667 0 0 0 255
mappingkey 0.0705882 0 0 0 255
mappingkey 0.0745098 0 0 0 255
mappingkey 0.0784314 0 0 0 255
mappingkey 0.0823529 0 1 0 255
mappingkey 0.0862745 0 4 0 255
mappingkey 0.0901961 0 5 0 255
mappingkey 0.0941176 0 6 0 255
mappingkey 0.0980392 0 8 0 255
mappingkey 0.101961 0 11 0 255
mappingkey 0.105882 0 12 0 255
mappingkey 0.109804 0 15 0 255
mappingkey 0.113725 0 16 0 255
mappingkey 0.117647 0 19 0 255
mappingkey 0.121569 0 19 0 255
mappingkey 0.12549 0 21 0 255
mappingkey 0.129412 0 23 0 255
mappingkey 0.133333 0 25 0 255
mappingkey 0.137255 0 26 0 255
mappingkey 0.141176 0 28 0 255
mappingkey 0.145098 0 31 0 255
mappingkey 0.14902 0 32 0 255
mappingkey 0.152941 0 33 0 255
mappingkey 0.156863 0 34 0 255
mappingkey 0.160784 0 36 0 255
mappingkey 0.164706 0 37 0 255
mappingkey 0.168627 0 39 0 255
mappingkey 0.172549 0 42 0 255
mappingkey 0.176471 0 43 0 255
mappingkey 0.180392 0 44 0 255
mappingkey 0.184314 0 45 0 255
mappingkey 0.188235 0 47 0 255
mappingkey 0.192157 0 48 0 255
mappingkey 0.196078 0 49 0 255
mappingkey 0.2 0 51 0 255
mappingkey 0.203922 0 53 0 255
mappingkey 0.207843 0 54 0 255
mappingkey 0.211765 0 55 0 255
mappingkey 0.215686 0 58 0 255
mappingkey 0.219608 0 58 0 255
mappingkey 0.223529 0 59 0 255
mappingkey 0.227451 0 60 0 255
mappingkey 0.231373 0 62 0 255
mappingkey 0.235294 0 64 0 255
mappingkey 0.239216 0 65 0 255
mappingkey 0.243137 0 66 0 255
mappingkey 0.247059 0 67 0 255
mappingkey 0.25098 0 69 0 255
mappingkey 0.254902 0 70 0 255
mappingkey 0.258824 0 70 0 255
mappingkey 0.262745 0 72 0 255
mappingkey 0.266667 0 73 0 255
mappingkey 0.270588 0 75 0 255
mappingkey 0.27451 0 76 0 255
mappingkey 0.278431 0 77 0 255
mappingkey 0.282353 0 78 0 255
mappingkey 0.286275 0 80 0 255
mappingkey 0.290196 0 82 0 255
mappingkey 0.294118 0 83 0 255
mappingkey 0.298039 0 83 0 255
mappingkey 0.301961 0 84 0 255
mappingkey 0.305882 0 86 0 255
mappingkey 0.309804 0 87 0 255
mappingkey 0.313726 0 88 0 255
mappingkey 0.317647 0 89 0 255
mappingkey 0.321569 0 92 0 255
mappingkey 0.32549 0 93 0 255
mappingkey 0.329412 0 94 0 255
mappingkey 0.333333 0 95 0 255
mappingkey 0.337255 0 97 0 255
mappingkey 0.341176 0 97 0 255
mappingkey 0.345098 1 98 0 255
mappingkey 0.34902 3 99 0 255
mappingkey 0.352941 4 100 0 255
mappingkey 0.356863 9 103 0 255
mappingkey 0.360784 11 104 0 255
mappingkey 0.364706 12 105 0 255
mappingkey 0.368627 14 106 0 255
mappingkey 0.372549 14 106 0 255
mappingkey 0.376471 17 108 0 255
mappingkey 0.380392 19 109 0 255
mappingkey 0.384314 19 109 0 255
mappingkey 0.388235 20 110 0 255
mappingkey 0.392157 22 111 0 255
mappingkey 0.396078 27 114 0 255
mappingkey 0.4 29 115 0 255
mappingkey 0.403922 30 116 0 255
mappingkey 0.407843 32 117 0 255
mappingkey 0.411765 32 117 0 255
mappingkey 0.415686 35 119 0 255
mappingkey 0.419608 37 120 0 255
mappingkey 0.423529 38 121 0 255
mappingkey 0.427451 38 121 0 255
mappingkey 0.431373 41 123 0 255
mappingkey 0.435294 45 125 0 255
mappingkey 0.439216 45 125 0 255
mappingkey 0.443137 46 126 0 255
mappingkey 0.447059 48 127 0 255
mappingkey 0.45098 50 128 0 255
mappingkey 0.454902 53 130 0 255
mappingkey 0.458824 54 131 0 255
mappingkey 0.462745 58 133 0 255
mappingkey 0.466667 58 133 0 255
mappingkey 0.470588 59 134 0 255
mappingkey 0.47451 59 134 0 255
mappingkey 0.478431 62 136 0 255
mappingkey 0.482353 64 137 0 255
mappingkey 0.486275 66 138 0 255
mappingkey 0.490196 66 138 0 255
mappingkey 0.494118 67 139 0 255
mappingkey 0.498039 71 141 0 255
mappingkey 0.501961 74 143 0 255
mappingkey 0.505882 75 144 0 255
mappingkey 0.509804 75 144 0 255
mappingkey 0.513726 77 145 0 255
mappingkey 0.517647 80 147 0 255
mappingkey 0.521569 80 147 0 255
mappingkey 0.52549 82 148 0 255
mappingkey 0.529412 82 148 0 255
mappingkey 0.533333 83 149 0 255
mappingkey 0.537255 85 150 0 255
mappingkey 0.541176 90 153 0 255
mappingkey 0.545098 91 154 0 255
mappingkey 0.54902 91 154 0 255
mappingkey 0.552941 93 155 0 255
mappingkey 0.556863 95 156 0 255
mappingkey 0.560784 98 158 0 255
mappingkey 0.564706 100 159 0 255
mappingkey 0.568627 100 159 0 255
mappingkey 0.572549 101 160 0 255
mappingkey 0.576471 101 160 0 255
mappingkey 0.580392 103 161 0 255
mappingkey 0.584314 103 161 0 255
mappingkey 0.588235 108 164 0 255
mappingkey 0.592157 109 165 0 255
mappingkey 0.596078 111 166 0 255
mappingkey 0.6 112 167 0 255
mappingkey 0.603922 112 167 0 255
mappingkey 0.607843 116 169 0 255
mappingkey 0.611765 117 170 0 255
mappingkey 0.615686 119 171 0 255
mappingkey 0.619608 119 171 0 255
mappingkey 0.623529 121 172 0 255
mappingkey 0.627451 121 172 0 255
mappingkey 0.631373 125 175 0 255
mappingkey 0.635294 125 175 0 255
mappingkey 0.639216 127 176 0 255
mappingkey 0.643137 129 177 0 255
mappingkey 0.647059 130 178 0 255
mappingkey 0.65098 130 178 0 255
mappingkey 0.654902 133 180 0 255
mappingkey 0.658824 135 181 0 255
mappingkey 0.662745 135 181 0 255
mappingkey 0.666667 137 182 3 255
mappingkey 0.670588 140 184 10 255
mappingkey 0.67451 143 186 17 255
mappingkey 0.678431 143 186 17 255
mappingkey 0.682353 143 186 17 255
mappingkey 0.686275 145 187 20 255
mappingkey 0.690196 146 188 24 255
mappingkey 0.694118 146 188 24 255
mappingkey 0.698039 148 189 27 255
mappingkey 0.701961 151 191 34 255
mappingkey 0.705882 151 191 34 255
mappingkey 0.709804 153 192 37 255
mappingkey 0.713726 156 194 44 255
mappingkey 0.717647 158 195 48 255
mappingkey 0.721569 158 195 48 255
mappingkey 0.72549 161 197 55 255
mappingkey 0.729412 163 198 58 255
mappingkey 0.733333 163 198 58 255
mappingkey 0.737255 163 198 58 255
mappingkey 0.741176 164 199 62 255
mappingkey 0.745098 166 200 65 255
mappingkey 0.74902 166 200 65 255
mappingkey 0.752941 169 202 72 255
mappingkey 0.756863 172 204 79 255
mappingkey 0.760784 172 204 79 255
mappingkey 0.764706 174 205 82 255
mappingkey 0.768627 175 206 86 255
mappingkey 0.772549 175 206 86 255
mappingkey 0.776471 179 208 93 255
mappingkey 0.780392 180 209 96 255
mappingkey 0.784314 182 210 99 255
mappingkey 0.788235 182 210 99 255
mappingkey 0.792157 183 211 103 255
mappingkey 0.796078 183 211 103 255
mappingkey 0.8 183 211 103 255
mappingkey 0.803922 187 213 110 255
mappingkey 0.807843 190 215 117 255
mappingkey 0.811765 190 215 117 255
mappingkey 0.815686 192 216 120 255
mappingkey 0.819608 193 217 124 255
mappingkey 0.823529 193 217 124 255
mappingkey 0.827451 196 219 130 255
mappingkey 0.831373 198 220 134 255
mappingkey 0.835294 198 220 134 255
mappingkey 0.839216 200 221 137 255
mappingkey 0.843137 201 222 141 255
mappingkey 0.847059 201 222 141 255
mappingkey 0.85098 206 225 151 255
mappingkey 0.854902 206 225 151 255
mappingkey 0.858824 206 225 151 255
mappingkey 0.862745 208 226 155 255
mappingkey 0.866667 209 227 158 255
mappingkey 0.870588 209 227 158 255
mappingkey 0.87451 211 228 161 255
mappingkey 0.878431 214 230 168 255
mappingkey 0.882353 214 230 168 255
mappingkey 0.886275 216 231 172 255
mappingkey 0.890196 217 232 175 255
mappingkey 0.894118 217 232 175 255
mappingkey 0.898039 219 233 179 255
mappingkey 0.901961 224 236 189 255
mappingkey 0.905882 224 236 189 255
mappingkey 0.909804 225 237 192 255
mappingkey 0.913725 225 237 192 255
mappingkey 0.917647 225 237 192 255
mappingkey 0.921569 227 238 196 255
mappingkey 0.92549 229 239 199 255
mappingkey 0.929412 229 239 199 255
mappingkey 0.933333 232 241 206 255
mappingkey 0.937255 234 242 210 255
mappingkey 0.941176 234 242 210 255
mappingkey 0.945098 235 243 213 255
mappingkey 0.94902 238 245 220 255
mappingkey 0.952941 238 245 220 255
mappingkey 0.956863 242 247 227 255
mappingkey 0.960784 243 248 230 255
mappingkey 0.964706 243 248 230 255
mappingkey 0.968627 245 249 234 255
mappingkey 0.972549 245 249 234 255
mappingkey 0.976471 245 249 234 255
mappingkey 0.980392 246 250 237 255
mappingkey 0.984314 246 250 237 255
mappingkey 0.988235 250 252 244 255
mappingkey 0.992157 251 253 248 255
mappingkey 0.996078 251 253 248 255
mappingkey 1 255 255 255 255
