width 256
lower 0.0
upper 1.0
mappingkey 0 0 0 0 255
mappingkey 0.00392157 0 1 15 255
mappingkey 0.00784314 0 2 22 255
mappingkey 0.0117647 0 3 27 255
mappingkey 0.0156863 0 4 31 255
mappingkey 0.0196078 0 5 35 255
mappingkey 0.0235294 0 6 39 255
mappingkey 0.027451 0 7 42 255
mappingkey 0.0313726 0 8 45 255
mappingkey 0.0352941 0 9 47 255
mappingkey 0.0392157 0 10 50 255
mappingkey 0.0431373 0 11 52 255
mappingkey 0.0470588 0 12 55 255
mappingkey 0.0509804 0 13 57 255
mappingkey 0.054902 0 14 59 255
mappingkey 0.0588235 0 15 61 255
mappingkey 0.0627451 1 16 63 255
mappingkey 0.0666667 1 17 65 255
mappingkey 0.0705882 1 18 67 255
mappingkey 0.0745098 1 19 69 255
mappingkey 0.0784314 1 20 71 255
mappingkey 0.0823529 1 21 73 255
mappingkey 0.0862745 1 22 74 255
mappingkey 0.0901961 2 23 76 255
mappingkey 0.0941176 2 24 78 255
mappingkey 0.0980392 2 25 79 255
mappingkey 0.101961 2 26 81 255
mappingkey 0.105882 2 27 82 255
mappingkey 0.109804 3 28 84 255
mappingkey 0.113725 3 29 85 255
mappingkey 0.117647 3 30 87 255
mappingkey 0.121569 3 31 88 255
mappingkey 0.12549 4 32 90 255
mappingkey 0.129412 4 33 91 255
mappingkey 0.133333 4 34 93 255
mappingkey 0.137255 4 35 94 255
mappingkey 0.141176 5 36 95 255
mappingkey 0.145098 5 37 97 255
mappingkey 0.14902 5 38 98 255
mappingkey 0.152941 5 39 99 255
mappingkey 0.156863 6 40 100 255
mappingkey 0.160784 6 41 102 255
mappingkey 0.164706 6 42 103 255
mappingkey 0.168627 7 43 104 255
mappingkey 0.172549 7 44 105 255
mappingkey 0.176471 7 45 107 255
mappingkey 0.180392 8 46 108 255
mappingkey 0.184314 8 47 109 255
mappingkey 0.188235 9 48 110 255
mappingkey 0.192157 9 49 111 255
mappingkey 0.196078 9 50 112 255
mappingkey 0.2 10 51 114 255
mappingkey 0.203922 10 52 115 255
mappingkey 0.207843 11 53 116 255
mappingkey 0.211765 11 54 117 255
mappingkey 0.215686 11 55 118 255
mappingkey 0.219608 12 56 119 255
mappingkey 0.223529 12 57 120 255
mappingkey 0.227451 13 58 121 255
mappingkey 0.231373 13 59 122 255
mappingkey 0.235294 14 60 123 255
mappingkey 0.239216 14 61 124 255
mappingkey 0.243137 15 62 125 255
mappingkey 0.247059 15 63 126 255
mappingkey 0.25098 16 64 127 255
mappingkey 0.254902 16 65 128 255
mappingkey 0.258824 17 66 129 255
mappingkey 0.262745 17 67 130 255
mappingkey 0.266667 18 68 131 255
mappingkey 0.270588 18 69 132 255
mappingkey 0.27451 19 70 133 255
mappingkey 0.278431 19 71 134 255
mappingkey 0.282353 20 72 135 255
mappingkey 0.286275 20 73 136 255
mappingkey 0.290196 21 74 137 255
mappingkey 0.294118 22 75 138 255
mappingkey 0.298039 22 76 139 255
mappingkey 0.301961 23 77 140 255
mappingkey 0.305882 23 78 141 255
mappingkey 0.309804 24 79 141 255
mappingkey 0.313726 25 80 142 255
mappingkey 0.317647 25 81 143 255
mappingkey 0.321569 26 82 144 255
mappingkey 0.32549 27 83 145 255
mappingkey 0.329412 27 84 146 255
mappingkey 0.333333 28 85 147 255
mappingkey 0.337255 29 86 148 255
mappingkey 0.341176 29 87 148 255
mappingkey 0.345098 30 88 149 255
mappingkey 0.34902 31 89 150 255
mappingkey 0.352941 31 90 151 255
mappingkey 0.356863 32 91 152 255
mappingkey 0.360784 33 92 153 255
mappingkey 0.364706 33 93 153 255
mappingkey 0.368627 34 94 154 255
mappingkey 0.372549 35 95 155 255
mappingkey 0.376471 36 96 156 255
mappingkey 0.380392 36 97 157 255
mappingkey 0.384314 37 98 158 255
mappingkey 0.388235 38 99 158 255
mappingkey 0.392157 39 100 159 255
mappingkey 0.396078 40 101 160 255
mappingkey 0.4 40 102 161 255
mappingkey 0.403922 41 103 162 255
mappingkey 0.407843 42 104 162 255
mappingkey 0.411765 43 105 163 255
mappingkey 0.415686 44 106 164 255
mappingkey 0.419608 44 107 165 255
mappingkey 0.423529 45 108 165 255
mappingkey 0.427451 46 109 166 255
mappingkey 0.431373 47 110 167 255
mappingkey 0.435294 48 111 168 255
mappingkey 0.439216 49 112 168 255
mappingkey 0.443137 50 113 169 255
mappingkey 0.447059 50 114 170 255
mappingkey 0.45098 51 115 171 255
mappingkey 0.454902 52 116 171 255
mappingkey 0.458824 53 117 172 255
mappingkey 0.462745 54 118 173 255
mappingkey 0.466667 55 119 174 255
mappingkey 0.470588 56 120 174 255
mappingkey 0.47451 57 121 175 255
mappingkey 0.478431 58 122 176 255
mappingkey 0.482353 59 123 177 255
mappingkey 0.486275 60 124 177 255
mappingkey 0.490196 61 125 178 255
mappingkey 0.494118 62 126 179 255
mappingkey 0.498039 63 127 179 255
mappingkey 0.501961 64 128 180 255
mappingkey 0.505882 65 129 181 255
mappingkey 0.509804 66 130 182 255
mappingkey 0.513726 67 131 182 255
mappingkey 0.517647 68 132 183 255
mappingkey 0.521569 69 133 184 255
mappingkey 0.52549 70 134 184 255
mappingkey 0.529412 71 135 185 255
mappingkey 0.533333 72 136 186 255
mappingkey 0.537255 73 137 186 255
mappingkey 0.541176 74 138 187 255
mappingkey 0.545098 75 139 188 255
mappingkey 0.54902 76 140 188 255
mappingkey 0.552941 77 141 189 255
mappingkey 0.556863 79 142 190 255
mappingkey 0.560784 80 143 190 255
mappingkey 0.564706 81 144 191 255
mappingkey 0.568627 82 145 192 255
mappingkey 0.572549 83 146 192 255
mappingkey 0.576471 84 147 193 255
mappingkey 0.580392 85 148 194 255
mappingkey 0.584314 87 149 194 255
mappingkey 0.588235 88 150 195 255
mappingkey 0.592157 89 151 196 255
mappingkey 0.596078 90 152 196 255
mappingkey 0.6 91 153 197 255
mappingkey 0.603922 93 154 198 255
mappingkey 0.607843 94 155 198 255
mappingkey 0.611765 95 156 199 255
mappingkey 0.615686 96 157 200 255
mappingkey 0.619608 97 158 200 255
mappingkey 0.623529 99 159 201 255
mappingkey 0.627451 100 160 201 255
mappingkey 0.631373 101 161 202 255
mappingkey 0.635294 102 162 203 255
mappingkey 0.639216 104 163 203 255
mappingkey 0.643137 105 164 204 255
mappingkey 0.647059 106 165 205 255
mappingkey 0.65098 108 166 205 255
mappingkey 0.654902 109 167 206 255
mappingkey 0.658824 110 168 206 255
mappingkey 0.662745 112 169 207 255
mappingkey 0.666667 113 170 208 255
mappingkey 0.670588 114 171 208 255
mappingkey 0.67451 116 172 209 255
mappingkey 0.678431 117 173 210 255
mappingkey 0.682353 118 174 210 255
mappingkey 0.686275 120 175 211 255
mappingkey 0.690196 121 176 211 255
mappingkey 0.694118 122 177 212 255
mappingkey 0.698039 124 178 213 255
mappingkey 0.701961 125 179 213 255
mappingkey 0.705882 127 180 214 255
mappingkey 0.709804 128 181 214 255
mappingkey 0.713726 129 182 215 255
mappingkey 0.717647 131 183 216 255
mappingkey 0.721569 132 184 216 255
mappingkey 0.72549 134 185 217 255
mappingkey 0.729412 135 186 217 255
mappingkey 0.733333 137 187 218 255
mappingkey 0.737255 138 188 218 255
mappingkey 0.741176 140 189 219 255
mappingkey 0.745098 141 190 220 255
mappingkey 0.74902 143 191 220 255
mappingkey 0.752941 144 192 221 255
mappingkey 0.756863 146 193 221 255
mappingkey 0.760784 147 194 222 255
mappingkey 0.764706 149 195 222 255
mappingkey 0.768627 150 196 223 255
mappingkey 0.772549 152 197 224 255
mappingkey 0.776471 153 198 224 255
mappingkey 0.780392 155 199 225 255
mappingkey 0.784314 156 200 225 255
mappingkey 0.788235 158 201 226 255
mappingkey 0.792157 160 202 226 255
mappingkey 0.796078 161 203 227 255
mappingkey 0.8 163 204 228 255
mappingkey 0.803922 164 205 228 255
mappingkey 0.807843 166 206 229 255
mappingkey 0.811765 168 207 229 255
mappingkey 0.815686 169 208 230 255
mappingkey 0.819608 171 209 230 255
mappingkey 0.823529 172 210 231 255
mappingkey 0.827451 174 211 231 255
mappingkey 0.831373 176 212 232 255
mappingkey 0.835294 177 213 233 255
mappingkey 0.839216 179 214 233 255
mappingkey 0.843137 181 215 234 255
mappingkey 0.847059 182 216 234 255
mappingkey 0.85098 184 217 235 255
mappingkey 0.854902 186 218 235 255
mappingkey 0.858824 188 219 236 255
mappingkey 0.862745 189 220 236 255
mappingkey 0.866667 191 221 237 255
mappingkey 0.870588 193 222 237 255
mappingkey 0.87451 195 223 238 255
mappingkey 0.878431 196 224 238 255
mappingkey 0.882353 198 225 239 255
mappingkey 0.886275 200 226 240 255
mappingkey 0.890196 202 227 240 255
mappingkey 0.894118 203 228 241 255
mappingkey 0.898039 205 229 241 255
mappingkey 0.901961 207 230 242 255
mappingkey 0.905882 209 231 242 255
mappingkey 0.909804 211 232 243 255
mappingkey 0.913725 212 233 243 255
mappingkey 0.917647 214 234 244 255
mappingkey 0.921569 216 235 244 255
mappingkey 0.92549 218 236 245 255
mappingkey 0.929412 220 237 245 255
mappingkey 0.933333 222 238 246 255
mappingkey 0.937255 224 239 246 255
mappingkey 0.941176 225 240 247 255
mappingkey 0.945098 227 241 247 255
mappingkey 0.94902 229 242 248 255
mappingkey 0.952941 231 243 248 255
mappingkey 0.956863 233 244 249 255
mappingkey 0.960784 235 245 249 255
mappingkey 0.964706 237 246 250 255
mappingkey 0.968627 239 247 250 255
mappingkey 0.972549 241 248 251 255
mappingkey 0.976471 243 249 251 255
mappingkey 0.980392 245 250 252 255
mappingkey 0.984314 247 251 252 255
mappingkey 0.988235 249 252 253 255
mappingkey 0.992157 251 253 253 255
mappingkey 0.996078 253 254 254 255
mappingkey 1 255 255 255 255
