0.20000000 5.0000000  0.0000000
0.40000000 5.0000000  0.0000000
0.60000000 5.0000000  0.0000000
0.80000000 5.0000000  0.0000000
1.00000000 5.0000000  0.0000000
1.40000000 5.0000000  0.0000000


1.00000000 0.0000000  90.000000
1.00000000 0.0000000  -90.000000
1.00000000 -10.0000000  0.000000
1.00000000 10.0000000  0.000000
1.00000000 45.0000000  0.000000
1.00000000 -45.0000000  0.000000
1.00000000 59.0000000  0.000000
1.00000000 -59.0000000  0.000000


0.1000000 0.0000000  0.0000000
0.4000000 0.0000000  0.0000000
0.7000000 0.0000000  0.0000000
1.0000000 0.0000000  0.0000000
2.0000000 0.0000000  0.0000000
4.0000000 0.0000000  0.0000000
6.0000000 0.0000000  0.0000000
8.0000000 0.0000000  0.0000000
10.0000000 0.0000000  0.0000000
12.0000000 0.0000000  0.0000000
14.0000000 0.0000000  0.0000000
16.0000000 0.0000000  0.0000000
18.0000000 0.0000000  0.0000000
20.0000000 0.0000000  0.0000000
22.0000000 0.0000000  0.0000000
24.0000000 0.0000000  0.0000000
26.0000000 0.0000000  0.0000000
28.0000000 0.0000000  0.0000000
30.0000000 0.0000000  0.0000000
32.0000000 0.0000000  0.0000000
34.0000000 0.0000000  0.0000000
36.0000000 0.0000000  0.0000000
38.0000000 0.0000000  0.0000000
40.0000000 0.0000000  0.0000000
42.0000000 0.0000000  0.0000000
