1   0   0.75
1   0   2.25
1   0   3.75
1   0   5.25
1   0   6.75
1   0   8.25
1   0   9.75
1   0   11.25
1   0   12.75
1   0   14.25
1   0   15.75
1   0   17.25
1   0   18.75
1   0   20.25
1   0   21.75
1   0   23.25
1   0   24.75
1   0   26.25
1   0   27.75
1   0   29.25
1   0   30.75
1   0   32.25
1   0   33.75
1   0   35.25
1   0   36.75
1   0   38.25
1   0   39.75
1   0   41.25
1   0   42.75
1   0   44.25
1   0   45.75
1   0   47.25
1   0   48.75
1   0   50.25
1   0   51.75
1   0   53.25
1   0   54.75
1   0   56.25
1   0   57.75
1   0   59.25
1   0   60.75
1   0   62.25
1   0   63.75
1   0   65.25
1   0   66.75
1   0   68.25
1   0   69.75
1   0   71.25
1   0   72.75
1   0   74.25
1   0   75.75
1   0   77.25
1   0   78.75
1   0   80.25
1   0   81.75
1   0   83.25
1   0   84.75
1   0   86.25
1   0   87.75
1   0   89.25
1   0   90.75
1   0   92.25
1   0   93.75
1   0   95.25
1   0   96.75
1   0   98.25
1   0   99.75
1   0   101.25
1   0   102.75
1   0   104.25
1   0   105.75
1   0   107.25
1   0   108.75
1   0   110.25
1   0   111.75
1   0   113.25
1   0   114.75
1   0   116.25
1   0   117.75
1   0   119.25
1   0   120.75
1   0   122.25
1   0   123.75
1   0   125.25
1   0   126.75
1   0   128.25
1   0   129.75
1   0   131.25
1   0   132.75
1   0   134.25
1   0   135.75
1   0   137.25
1   0   138.75
1   0   140.25
1   0   141.75
1   0   143.25
1   0   144.75
1   0   146.25
1   0   147.75
1   0   149.25
1   0   150.75
1   0   152.25
1   0   153.75
1   0   155.25
1   0   156.75
1   0   158.25
1   0   159.75
1   0   161.25
1   0   162.75
1   0   164.25
1   0   165.75
1   0   167.25
1   0   168.75
1   0   170.25
1   0   171.75
1   0   173.25
1   0   174.75
1   0   176.25
1   0   177.75
1   0   179.25
1   0   180.75
1   0   182.25
1   0   183.75
1   0   185.25
1   0   186.75
1   0   188.25
1   0   189.75
1   0   191.25
1   0   192.75
1   0   194.25
1   0   195.75
1   0   197.25
1   0   198.75
1   0   200.25
1   0   201.75
1   0   203.25
1   0   204.75
1   0   206.25
1   0   207.75
1   0   209.25
1   0   210.75
1   0   212.25
1   0   213.75
1   0   215.25
1   0   216.75
1   0   218.25
1   0   219.75
1   0   221.25
1   0   222.75
1   0   224.25
1   0   225.75
1   0   227.25
1   0   228.75
1   0   230.25
1   0   231.75
1   0   233.25
1   0   234.75
1   0   236.25
1   0   237.75
1   0   239.25
1   0   240.75
1   0   242.25
1   0   243.75
1   0   245.25
1   0   246.75
1   0   248.25
1   0   249.75
1   0   251.25
1   0   252.75
1   0   254.25
1   0   255.75
1   0   257.25
1   0   258.75
1   0   260.25
1   0   261.75
1   0   263.25
1   0   264.75
1   0   266.25
1   0   267.75
1   0   269.25
1   0   270.75
1   0   272.25
1   0   273.75
1   0   275.25
1   0   276.75
1   0   278.25
1   0   279.75
1   0   281.25
1   0   282.75
1   0   284.25
1   0   285.75
1   0   287.25
1   0   288.75
1   0   290.25
1   0   291.75
1   0   293.25
1   0   294.75
1   0   296.25
1   0   297.75
1   0   299.25
1   0   300.75
1   0   302.25
1   0   303.75
1   0   305.25
1   0   306.75
1   0   308.25
1   0   309.75
1   0   311.25
1   0   312.75
1   0   314.25
1   0   315.75
1   0   317.25
1   0   318.75
1   0   320.25
1   0   321.75
1   0   323.25
1   0   324.75
1   0   326.25
1   0   327.75
1   0   329.25
1   0   330.75
1   0   332.25
1   0   333.75
1   0   335.25
1   0   336.75
1   0   338.25
1   0   339.75
1   0   341.25
1   0   342.75
1   0   344.25
1   0   345.75
1   0   347.25
1   0   348.75
1   0   350.25
1   0   351.75
1   0   353.25
1   0   354.75
1   0   356.25
1   0   357.75
1   0   359.25
