-115.05293274  -47.853405     47.80289841
-61.21622086 -28.54578018  47.95794296
-121.11452484  -45.3344574    47.28314972
-80.57261658 -41.28927231  46.88473892
-38.27538681 -39.46457291  47.3040657 
-197.86224365  -33.28761673   46.12297058
-182.20901489  -36.77672195   47.28892136
-135.20074463  -42.2858429    47.14746094
-215.5723114   -19.3515892    47.91497803
-204.30441284  -21.57419205   47.93904114
-180.25741577  -26.60454559   47.0633812 
-196.55349731   -7.58604145   47.71421432
-177.58221436  -13.11625671   47.70537567
-136.69509888  -30.04958344   47.48832703
-139.64089966  -16.4967556    47.99466705
-50.6139946  -11.50980473  47.36148453
-212.35125732  -43.33647537   47.74462891
-180.40722656  -46.8560524    47.71583939
-222.74786377  -38.8103447    46.97287369
-29.80773354 -47.96543121  44.23117828
-213.23117065  -41.96191406   47.22967911
-159.55082703    2.72929001   47.42948532
-162.52166748    2.40344238   47.84621429
-229.78392029  -31.78809929   46.54332352
-221.29284668  -36.89105988   47.21688461
-222.75280762  -38.85222244   47.13505173
-212.77763367  -42.61458588   47.60912323
-159.46629333    3.35973215   47.45237732
-237.18688965  -32.44074249   46.8049469 
-222.90863037  -38.77972794   46.89578629
-212.48869324  -43.10590363   47.82822037
-210.13293457  -41.19042206   45.48487473
-212.78756714  -42.89967346   47.70345306
-29.52510834 -47.58362198  41.87097549
-28.10497093 -47.99759293  44.67165756
-28.95745468 -47.93832779  43.56182098
-201.65914917  -41.95362091   46.95209122
-162.05072021    3.26693439   47.75769424
-163.04278564    2.63774753   47.81975937
-222.98356628  -38.94748688   47.8732338 
-220.88615417  -37.30863953   47.79642487
-213.102005    -42.43343735   47.59000397
-208.4420929   -43.33866501   46.86273956
-30.41388702 -47.51711273  43.1783905 
-36.65837479 -47.83395386  47.57177734
-27.72828102 -47.97692108  46.00548172
-161.86381531    1.39792752   47.9388237 
-221.80738831   14.54158974   47.10158539
-166.18119812    4.78339434   47.82265472
-230.21922302   13.77830982   46.9428978 
-162.65335083    1.78530741   47.97452927
-36.14580917 -47.60185242  46.85813141
-163.44902039    2.8012991    47.79307938
-221.68736267   14.41148472   47.29565048
-162.18229675    2.63376379   47.70053101
-221.00126648  -36.44037247   46.88980484
-222.97297668  -39.11411285   47.95723343
-213.14050293  -42.38428116   47.57643127
-222.75953674  -38.78577805   47.25110245
-27.28634071 -47.93021393  43.9740181 
-24.37611961 -47.61340714  42.16182709
-30.34616852 -47.76334     47.81661224
-22.54854202 -47.99158096  43.44578934
-13.40904522 -44.620327    47.66081619
-17.73049355 -47.55849075  43.15761185
-17.77867126 -47.986763    43.87213516
-22.9727993  -47.99237061  39.81986618
-17.9437561  -47.99575424  44.24437332
-24.43506241 -47.92896652  40.73047638
-21.3058033  -47.93417358  40.02682495
-27.72508049 -47.94722366  43.9937706 
-25.55813026 -47.54052734  39.4439621 
-22.62757301 -47.93161774  40.1033783 
-25.4257164  -47.95385742  40.73503113
-21.41448975 -47.99540329  40.01354218
-22.31208801 -47.94742966  41.49333954
-24.4077549  -47.52582169  38.61476517
-22.59140015 -47.95170975  40.60453796
-19.95228958 -47.95225525  42.21307755
-23.00534439 -47.56016922  39.58597565
-19.40300751 -47.96078491  42.76732254
-22.08515167 -47.9642067   41.20059967
-21.85982895 -47.98184967  40.21567535
-19.26905632 -47.9463501   40.35259628
-14.70516014 -47.33638382  47.6955986 
-18.2743969  -47.94958878  42.28722382
-15.73189831 -47.52087784  46.91794586
-19.38796043 -47.98236465  40.68152618
-16.93294907 -47.97816086  45.8609314 
-32.34464645 -47.91313553  47.80028534
-36.8819809  -45.9438858   47.28863144
-23.13464165 -47.93889618  37.97672653
-19.7897377  -47.97455597  41.99150848
-17.02860451 -47.5174942   47.33416367
-18.39474297 -47.70726776  47.47460556
-39.95976257 -43.95244217  47.78766632
-18.36863136 -47.99401093  47.1525116 
-240.58627319  -10.99943352   47.79522705
-36.76210403 -45.73664856  47.38473129
-34.76623535 -47.15303802  47.35235214
-13.61839199 -43.93012619  47.63668823
-11.87635326 -44.22164536  47.29776382
-10.74702644 -44.70601273  47.73015213
-11.43386078 -44.83230591  47.94472504
-50.69685745 -24.77659035  47.61771774
-192.5692749     0.31643128   47.32862854
-181.92073059    2.39213729   47.63195038
-162.24247742   -0.77744704   47.61204529
-181.03070068    2.37474537   47.4789772 
-193.18614197    5.93829679   47.43854904
-176.74591064    5.00900841   47.68084717
-159.16920471   -3.48510361   47.6981926 
 -1.59309677e+02  -5.43512106e-02   4.73059273e+01
-158.6146698    -3.27065396   47.59909058
-224.01081848    7.65501547   47.17893982
-184.6680603     4.21498394   47.79750443
-219.56208801    9.1109705    47.93078995
-220.06655884    9.22246456   47.74897003
-223.58996582    5.69685841   47.80199814
-203.91996765   10.90777302   47.35489273
-40.38979721 -43.63510513  47.57386017
-40.48881149 -43.54210663  47.55960464
-39.09444427 -44.40921402  47.68283081
-37.37663269 -45.34209824  47.40684128
-19.71227837 -47.95998383  47.76328659
-21.07107735 -47.53881836  46.30067825
-20.61594963 -47.99057007  46.50054169
-41.08324432 -43.32675934  47.81947708
-41.188694   -43.24139786  47.85723114
-36.44594574 -45.96383286  47.4791069 
-35.43676376 -46.59714127  47.33152771
-13.26832676 -43.79535675  47.69161606
-38.62170029 -44.5086174   47.5691185 
-13.53755188 -44.08524323  47.91936874
-13.41534996 -43.77063751  47.62738419
-13.97902489 -44.20518494  47.93588257
-13.82061481 -44.08436584  47.92467499
-14.38910675 -44.20191574  47.69192886
-14.17443371 -43.99650574  47.69808578
-14.417799   -44.12353897  47.66175842
-14.22477913 -43.93481445  47.64774704
-14.64101982 -44.38001251  47.65984344
-14.51627254 -44.25473404  47.74001312
-14.90430641 -44.46082687  47.60760498
-14.63049412 -44.2396698   47.67599869
-15.04948711 -44.90631866  47.84220123
-14.98570347 -44.46769714  47.58014297
-15.36431885 -44.764431    47.47047806
-16.17414856 -47.99628448  46.40472031
-15.50318336 -47.62424088  46.73482895
-14.63159752 -47.56199265  47.7725296 
-16.74121666 -47.94631577  45.37374115
-16.97855186 -47.52192688  43.77555847
-12.84888363 -46.09111023  47.87923813
-12.70619774 -45.72384644  47.78644943
-16.25713539 -47.9588356   45.05134583
-17.41103935 -47.98343658  43.83106232
-27.07566452 -47.63234711  40.07544708
-17.74272156 -47.97607422  43.54603195
-18.15744019 -47.56585312  41.68527222
-35.02233887 -46.84793472  47.30618286
-37.85504532 -45.02006149  47.4479332 
-39.78015137 -44.05846024  47.71103668
-14.95009422 -43.78732681  47.51356125
-15.39429379 -44.24668884  47.52953339
-15.18442249 -44.14469147  47.62297821
-15.77799129 -44.56837463  47.45384216
-15.94489861 -44.9053688   47.68412781
-33.94438171 -47.90890503  47.94635391
-33.32310867 -47.81197357  47.86229706
-33.96501541 -47.91693878  47.97383499
-33.39192963 -47.74041748  47.85954666