-78.60915375 -47.65229797  47.3884964 
-52.66063309 -25.89620399  47.41597748
-26.14772797 -47.99271393  20.13103104
 -1.66687537e-02  -4.78332558e+01   1.69371796e+01
 19.99565697 -33.39273834  47.94105148
-38.43932724 -47.88576508  47.8572464 
  4.21017027 -47.99727631  40.86125565
 19.96699333 -23.44265175  47.92863083
 -0.48473111 -47.98804092  46.06974792
 20.03995323 -13.29430294  47.95300293
  0.88517445 -41.35364532  47.27772141
 20.02715302  -3.25960946  47.96088791
-46.75537872  -4.62261057  47.46111298
  1.23680127 -30.91050529  47.30222702
 19.96535492   6.65077209  47.94784927
-132.45054626  -47.47830963   41.82504272
 -6.90280819 -47.63646317  36.61483383
 20.00189018 -29.41129875  47.83229446
-191.40457153  -47.41285706   46.68266678
 20.00657654 -19.40896606  47.83072281
 20.09089661  -9.24019814  47.86140442
 19.99348831   0.60232764  47.83133698
-157.17651367    0.45998394   47.69330597
-46.6624794  -12.22414303  47.85691071
 -5.12074757 -25.72367477  47.36433029
 19.98001289  10.58429527  47.83028412
 -0.10041244 -41.18905258  47.85218811
 19.99576187 -25.52953339  47.95751572
 -8.77693844 -36.56071854  47.98617554
 19.99965096 -15.51126289  47.96109772
-18.19964027 -36.8806572   47.38637924
 20.0168438   -5.45512772  47.9730072 
 -7.31909084 -21.35210228  47.9634285 
 20.00819969   4.5706501   47.97800827
-55.80057907  -7.77036285  47.52430344
-35.25862503 -20.43106079  47.58919525
 -2.41486412e-02  -1.11303294e+00   4.79133339e+01
 19.99839973  14.52066612  47.96749878
-36.11935043 -46.5729332   47.57146072
-33.7281723  -34.61442947  47.7554245 
-43.37842941 -23.64048386  47.4708252 
-31.95133972 -47.57902908  43.99435043
-136.64993286  -18.06177521   47.88980103
-49.06181717 -11.60644913  47.63668442
-231.25892639  -38.49882889   47.18846893
-220.65075684  -42.42757797   46.94940948
-173.50762939  -47.54265594   46.07365417
-144.39398193  -47.43227768   45.65404892
-228.13038635  -37.04217529   45.90542221
-240.74029541  -32.61457443   46.90477371
-57.47540665 -25.62295914  47.84227753
-172.52813721  -46.92682648   43.56026459
-154.85275269  -47.42300034   41.48895645
-172.53076172  -46.89084625   43.59936905
-158.4225769     2.14151382   47.67985153
-44.66512299 -44.17728424  47.36135101
-159.13873291    2.14122295   47.70549393
-170.37557983  -46.94041824   43.77318954
-147.4682312   -47.41112518   41.31290436
-148.47694397  -47.77612305   47.82220459
-44.86400986 -40.51028061  47.70686722
-41.0522995  -47.36166382  47.62437057
-240.08183289   -2.04179811   47.77833557
-243.75146484   -4.34208393   47.25775528
-247.42216492   -6.84279537   47.37823868
-17.7887001  -40.3176651   47.39686203
-14.05640507 -47.95846558  46.70653915
-16.24113655 -47.97335052  44.23483658
-17.07499504 -39.65867996  47.51294327
-15.59953785 -38.01813507  47.61877823
-106.56359863  -19.63851547   47.50097275
-55.45418167  21.82091331  47.54765701
-133.58453369  -10.68177795   47.82061005
-142.42459106   -5.78816605   47.89800644
 -8.18564415 -43.4811058   47.44313431
-16.54135132 -39.7586441   47.64006805
-15.84890556 -38.09030151  47.45230103
-14.30912685 -47.97978592  45.94914246
 -5.65603352 -47.98994446  47.35704422
-13.82297516 -47.91838074  47.36395264
-11.76959896 -47.91776657  47.57209015
-13.25837898 -47.95902634  46.76149368
-14.76086521 -47.95054245  45.28733826
-13.24036694 -46.94652557  47.95204926
-20.22023773 -47.96842194  37.40296173
-19.64077377 -47.63367462  37.32389832
-20.99211884 -47.58084106  37.48927689
-11.94048882 -47.96104431  44.05709457
-18.2339344  -47.98835373  40.60998535
-19.54814529 -47.98838425  38.90948486
-18.10368156 -47.58260345  40.28382874
-18.74348259 -47.96908951  40.76735306
-20.79312134 -47.99027634  38.71075821
-20.39995956 -47.58857727  37.90135574
-17.26291466 -47.99007034  41.81736374
-19.10844421 -47.99391174  40.02445221
-15.34401321 -47.95658112  44.54605484
 -8.51122761 -47.98971939  43.26799393
-18.40426254 -47.97071838  40.71240234
 -7.83878708 -47.96901703  43.82131195
-14.44205475 -47.97811508  44.68159485
-16.26033783 -47.99980164  43.66598892
-170.44354248   10.65944862   47.12630844
-228.25576782   16.41610718   47.51928711
-119.79067993   -4.2830677    47.6509552 
-169.0868988     9.80653381   47.73766327
-15.6561451  -47.55426407  43.42222214
 -8.67715454 -47.60248566  41.85147476
-15.54438877 -47.96520233  44.90391541
-16.20059395 -47.9537468   43.15723801
-15.93903351 -47.95492172  43.81053925
-13.19783401 -47.95789337  46.72025681
-15.17207146 -47.99066925  45.22632599
-17.57854843 -47.57331848  41.00992584
-16.75986671 -47.99326706  43.01481247
-41.62425995 -42.76963043  47.9194603 
-56.22718048 -24.5802536   47.81021881
-42.31961823 -41.82301331  47.86406708
-14.55416489 -47.9876976   45.06984329
-16.83693695 -47.9783287   34.7660141 
-17.19762421 -47.98718643  34.21157074
-30.70030022 -47.54750061  36.79125214
-29.7355957  -47.9961319   36.58184814
-18.08982277 -47.97759247  32.82211685
-28.31606293 -47.57202148  34.88001251
-29.02676964 -47.97979355  37.05019379
-18.72207832 -47.99937057  27.02400017
-34.2906456  -47.93424225  47.97705841
-35.26699829 -47.16506958  47.86783981
-34.69235992 -47.27262115  47.40330887
-39.16064072 -44.36013031  47.67433167
-13.23759174 -43.14857483  47.69019699
-41.92243576 -42.46491623  47.94350433
 -6.65008879 -40.29565048  47.49431229
-13.1568203  -43.62028885  47.93309402
 -8.5633688  -41.33264923  47.85466385
-12.68227196 -43.28940964  47.72132492
 -5.78117943 -39.8002243   47.46952438
-12.33877373 -43.27200317  47.9871521 
-12.99975586 -41.10173798  47.72298431
 -6.58270264 -47.62312317  47.92419815
-35.89247894 -46.27825546  47.42993927
 -7.68700314 -43.83502579  47.34194565
 -7.08087921 -43.72518921  47.46581268
 -6.90058851 -44.04921722  47.90937042
 -6.4361062  -44.41760254  47.9475441 
 -3.05911493 -41.82997894  47.53010941
-38.33069611 -44.83183289  47.59616089
-39.5936203  -43.94281769  47.41598892
-34.69026184 -47.6884079   47.82536697
-38.46208191 -44.75833893  47.62814331
-39.5272789  -44.10165405  47.62558746
-39.9597435  -43.9653511   47.73593521
 11.23823643 -28.51632118  47.81902313
 10.52643871 -29.65814972  47.8420105 
 10.2699852  -29.68013191  47.75601196
 10.74435329 -27.58636284  47.58419418
 10.42973232 -29.53443909  47.77618408
-10.19324207 -42.13096237  47.95927429
 15.02010155 -13.47112942  47.96501541
 10.30558109 -29.03352356  47.76919937
 -9.15940094 -41.16043472  47.36904144
 10.78951931 -29.32552147  47.67665482
 10.3298912  -28.83736229  47.75193024
 -8.24864197 -41.22195435  47.90005875
 10.37678623 -27.71316147  47.74562073
 -6.57039118 -40.10888672  47.49848175
 10.0102663  -29.19765091  47.75546646
 10.23614693 -28.82674217  47.69714737
 -8.96763802 -41.23888779  47.98690796
-14.07527924 -47.89041901  47.70059586
 -6.05208158 -47.22613144  47.99462891
 -7.86394978 -47.95530319  47.8644104 
-16.8271904  -47.95790482  44.77720642
-12.68175507 -47.99686813  47.86445236
-12.68413734 -47.70581818  47.86578751
-15.00502396 -47.84288788  47.38620377
-16.62250137 -47.58647537  44.56105042
 -6.49397182 -47.95838547  47.99124908
-14.68038559 -47.97723389  47.93559265
-14.87438679 -47.99147415  47.38402557
-34.6664505  -47.68547058  47.80395889
-13.39364147 -43.58190536  47.86503601
-12.60962868 -43.43312836  47.93175125
-13.46372318 -43.84064865  47.96162033
-13.06052208 -43.45426941  47.89741516
-13.31630516 -43.34042358  47.74074554
 -6.74101734 -40.03038788  47.37776184
-13.9589138  -43.54362869  47.72330856
 -7.35637665 -39.35898972  47.33203888
-15.40866947 -42.4932518   47.64307022
-15.50973892 -42.72743225  47.79890442
-14.69468212 -41.84667969  47.68399811
-14.55158138 -41.78923035  47.7265625 
-14.71611691 -41.78671265  47.64655685
-14.06144524 -42.68275833  47.72717667
-13.81277847 -42.87759018  47.92530823
-13.40764618 -42.35040283  47.83230972
-15.43278885 -42.41638565  47.74790955
-15.37824821 -42.39543533  47.79094696
-15.94148922 -42.75715256  47.54258347
 -2.36327577 -39.13136292  47.84127426
 -2.35437322 -39.16680527  47.85381317
 -2.51599646 -39.17018127  47.7704277 
 -3.5941782  -39.77464676  47.7251358 
 -2.08109069 -37.85793686  47.57512665
 -3.0588963  -39.4182663   47.69439697
 -1.87225926 -38.01305008  47.89567566
 -2.01455569 -38.08852005  47.84193039
  3.61394405 -32.66135025  47.27038956
  3.80956888 -32.89467239  47.46355057
 -3.08582902 -39.37701797  47.5294342 
  4.05678082 -32.87287521  47.32453918
  0.44024134 -35.82356644  47.9753418 
 -1.32256639 -36.98860931  47.71655655
  4.12404299 -32.34539413  47.34456253
 -1.84551513 -37.60769272  47.64328766
 -2.2590661  -38.26942444  47.74547195
 -1.95632911 -38.5892067   47.66558075
  4.41650009 -33.18904495  47.45775604
  4.36303186 -33.0789032   47.42076111
 -2.04365563 -38.79455948  47.63757706
  4.39858627 -33.24022293  47.46522903
 -0.12496471 -36.96256638  47.88921356
-10.65724659 -41.35077667  47.88028336
-10.98333263 -41.52013016  47.96658325
-11.97831345 -41.72574615  47.73962021
-15.58831501 -42.75349426  47.80477142
-14.86044025 -41.98714828  47.71206284
-15.33605003 -42.19659805  47.48327637
-15.5642395  -42.51452637  47.71108627
-15.83210945 -42.71641922  47.62769699
-16.25423241 -43.00228882  47.41600037
-16.0682869  -42.88207626  47.49667358
  1.29340112 -34.81676102  47.8016777 
  0.89327908 -35.14027405  47.96495819
  0.9891485  -34.74126053  47.31996155
  0.25019786 -35.42857361  47.25228882
  0.9493404  -34.60446548  47.26430511
  1.80633497 -34.48541641  47.9389267 
  1.62370062 -34.65641785  47.93595505
  1.70318592 -34.52676392  47.89011383
  1.60355127 -34.65420914  47.93391418
  1.41482973 -34.63994217  47.81774521
  1.77996898 -34.56599808  47.95338821
  1.62182891 -34.64424133  47.86044312
  6.17288303 -33.01441956  47.95149994
  6.2900691  -33.11247253  47.98630142
  6.03704453 -32.93589401  47.93490601
  1.3417902  -34.7348175   47.80200577
  1.49018466 -34.80914307  47.91692352
  1.7148596  -34.502285    47.88332748
  1.61520755 -34.74900055  47.95639801
  6.61116076 -33.0185318   47.97740173
  6.38700771 -33.242733    47.99890518
  6.22283459 -33.25795746  47.98383713
  1.3359313  -34.92968369  47.85594559
  0.82363057 -35.00437164  47.34574509
  1.33495533 -34.80823898  47.81771851
  0.72038913 -35.23713684  47.3197403 
  1.10262334 -34.99468231  47.79317856
-14.92315006 -41.24847794  47.69615555
-15.28770733 -41.38537216  47.56619263
 -0.34938174 -37.12149048  47.80819321
  4.48223543 -33.42999649  47.41879272
 -1.3612572  -38.02796555  47.8589592 
 -1.33866811 -38.11847687  47.91503525
 -1.27912617 -37.55568314  47.80359268
  4.48140621 -32.83922577  47.41589355
-34.17703247 -47.77373123  47.9893837 
-34.25382233 -47.97986603  47.99756241
-34.04889297 -47.85300827  47.97591782
-34.01149368 -47.89832687  47.9888382 
-34.23484039 -47.97894669  47.97813034
  1.59579432 -34.94139099  47.24272156
  1.62283301 -34.92856216  47.24631119
  2.35874391 -34.80722046  47.97686005
  2.20669341 -34.89548111  47.96606064
  2.37649035 -34.3614769   47.24556351
  2.25231624 -34.49803925  47.34762573
  6.73859644 -33.30146408  47.51239777
  1.8783071  -34.66279602  47.27204132
  2.03317952 -34.5991478   47.32468033
  6.61304331 -33.31772232  47.48894119
-10.93814659 -45.86911774  47.99621964
 -1.01234829 -37.59981537  47.68097305
  0.32962921 -36.41547394  47.97627258
 -1.0453378  -37.67179489  47.97328568
 -0.98234797 -37.58447266  47.88593292
  4.92331743 -33.16901779  47.47525406
 -0.71953124 -37.49884415  47.98893738
  4.89095068 -33.0119133   47.45969772
 -1.83902323 -38.05569077  47.90446091
  4.47964573 -32.72618866  47.38915253
 -1.2608391  -37.62188721  47.85430527
 -0.97831756 -37.18956757  47.62495422
 -1.41081786 -37.10370636  47.64936066
 -2.13810444 -38.3272438   47.79370499
 -1.50332367 -37.60964203  47.69414139
 -0.52903718 -35.96902847  47.91855621
  4.49013376 -32.03385162  47.34230423
 -1.51555252 -37.20478439  47.65102386
 -1.48978519 -37.46905899  47.67703247
 -1.90845573 -37.6812439   47.53580093
 -1.87396038 -37.71441269  47.54714966
  4.17135143 -32.58051682  47.48069763
 -1.11390758 -36.91436386  47.8257103 
 -1.75798965 -37.76931763  47.58797836
 -1.2844336  -37.0855484   47.78364944
  4.1750617  -32.56966019  47.47985077
 -1.96169698 -37.80702591  47.53023911
  4.29962826 -32.88833618  47.9185257 
  4.19515991 -32.89448547  47.90289688
 10.20659256 -45.74354935  47.63201523
 10.15430641 -42.91210938  47.73495102
 14.32830715 -31.33774185  47.9665184 
 10.68238449 -44.35594177  47.89834213
 10.56221485 -44.73420334  47.78372955
 10.46703625 -45.00709152  47.76501083
 10.59143353 -44.5753746   47.74551773
 -2.96493459 -47.26828766  47.50183487
 -1.92499685 -46.2210083   47.76958466
 -2.30543947 -46.6292572   47.59328842
  3.86901522 -45.03343582  47.93478775
  3.98119473 -44.94896317  47.94107056
 -2.52349424 -47.30019379  47.52967072
  3.77947688 -44.75230408  47.42657089
 -1.71933496 -46.85197067  47.73876572
 -1.57025838 -46.47421646  47.83753586
 -0.86801034 -45.40024185  47.68374634
 -1.63167441 -46.87864685  47.93787766
 -1.24016583 -45.8556366   47.63579941
 -1.37808859 -46.30792999  47.97208786
 -1.18205762 -45.74841309  47.65047073
 -1.91958821 -45.52214813  47.79398346
 -1.22320747 -44.87919235  47.97069931
 -1.87735331 -45.56451797  47.81715012
 -1.65578282 -45.35031128  47.82473755
 -0.93141347 -44.45116806  47.71147919
 -0.89476854 -44.37029266  47.71819687
 -1.483953   -45.1578598   47.88362503
  4.5823946  -44.0487175   47.89962387
-16.89229774 -47.98627472  40.41270447
-15.61047649 -47.97934723  42.30311966
 -0.4167749  -44.8359375   47.79632568
 -0.66568071 -45.00883484  47.76943207
  4.45235538 -44.0150032   47.90656281
 -1.11858344 -45.37151337  47.62677002
 -0.78093016 -44.93999863  47.69705963
 -0.75826931 -44.83317184  47.69394684
 -1.23939121 -45.61610413  47.93927383
 -1.44923675 -45.87876129  47.94590759
 -1.42254388 -45.75496674  47.92358017
  4.42171526 -44.6228447   47.93742371
  4.57832336 -44.91021347  47.96069717
  4.66583776 -44.83283615  47.97070312
  4.44580173 -44.93639374  47.94031525
  4.55379677 -44.86499023  47.9504776 
 -0.08489761 -44.52038956  47.91066742
  4.76769209 -44.71215439  47.93758011
  4.8955884  -44.61787033  47.93251801
 -0.22049175 -44.43102646  47.90315628
 -1.11585987 -45.12288666  47.63871765
  4.46652365 -44.61075974  47.95022202
 -0.89836919 -44.95106506  47.73490906
 -0.59439373 -45.02968597  47.80804443
  4.60076523 -44.85508347  47.9597702 
  4.85885525 -44.60199738  47.92080688
 -0.40620318 -44.7558136   47.78753281
  4.65071058 -44.03382111  47.90589523
  4.93683577 -44.62527466  47.96929169
  0.44595385 -43.93215179  47.24204636