 -1.11858344 -45.37151337  47.62677002
 -0.78093016 -44.93999863  47.69705963
 -0.75826931 -44.83317184  47.69394684
 -1.23939121 -45.61610413  47.93927383
 -1.44923675 -45.87876129  47.94590759
 -1.42254388 -45.75496674  47.92358017
  4.42171526 -44.6228447   47.93742371
  4.57832336 -44.91021347  47.96069717
  4.66583776 -44.83283615  47.97070312
  4.44580173 -44.93639374  47.94031525
  4.55379677 -44.86499023  47.9504776 
 -0.08489761 -44.52038956  47.91066742
  4.76769209 -44.71215439  47.93758011
  4.8955884  -44.61787033  47.93251801
 -0.22049175 -44.43102646  47.90315628
 -1.11585987 -45.12288666  47.63871765
  4.46652365 -44.61075974  47.95022202
 -0.89836919 -44.95106506  47.73490906
 -0.59439373 -45.02968597  47.80804443
  4.60076523 -44.85508347  47.9597702 
  4.85885525 -44.60199738  47.92080688
 -0.40620318 -44.7558136   47.78753281
  4.65071058 -44.03382111  47.90589523
  4.93683577 -44.62527466  47.96929169
  0.44595385 -43.93215179  47.24204636