-15.36431885 -44.764431    47.47047806
-16.17414856 -47.99628448  46.40472031
-15.50318336 -47.62424088  46.73482895
-14.63159752 -47.56199265  47.7725296 
-16.74121666 -47.94631577  45.37374115
-16.97855186 -47.52192688  43.77555847
-12.84888363 -46.09111023  47.87923813
-12.70619774 -45.72384644  47.78644943
-16.25713539 -47.9588356   45.05134583
-17.41103935 -47.98343658  43.83106232
-27.07566452 -47.63234711  40.07544708
-17.74272156 -47.97607422  43.54603195
-18.15744019 -47.56585312  41.68527222
-35.02233887 -46.84793472  47.30618286
-37.85504532 -45.02006149  47.4479332 
-39.78015137 -44.05846024  47.71103668
-14.95009422 -43.78732681  47.51356125
-15.39429379 -44.24668884  47.52953339
-15.18442249 -44.14469147  47.62297821
-15.77799129 -44.56837463  47.45384216
-15.94489861 -44.9053688   47.68412781
-33.94438171 -47.90890503  47.94635391
-33.32310867 -47.81197357  47.86229706
-33.96501541 -47.91693878  47.97383499
-33.39192963 -47.74041748  47.85954666