-1.47493589 -1.40581906 -3.54120183
-1.11110735 -1.07863581 -3.7394917 
-1.62088299 -0.46636912 -3.71593142
-1.42474496 -0.271404   -3.86058879
-0.89054167 -0.17698267 -3.93503881
-1.46636319  0.26554105 -3.71980476
-1.07940304  0.51475918 -3.84710741
-0.55117023  0.27469262 -3.95252943
-1.04460537  0.83131951 -3.83038688
-0.17531903  0.05265065 -4.11456919
-2.98975611 -1.1578176  -2.39929819
-2.87122893 -1.42592204 -2.5737052 
-3.36762381 -0.55629784 -2.22303581
-3.25546432 -0.24957357 -2.3772285 
-3.23344994 -0.08502571 -2.44837356
-3.32676744  0.33248466 -2.33866167
-3.1266098   0.81219465 -2.52465463
-2.85837626  1.33666062 -2.63593435
-2.70669556  1.47815573 -2.60377359
-1.82067478 -2.05068398 -3.06387067
-1.74704349 -1.97764313 -3.10898709
-2.22848272 -1.88722396 -2.7761848 
-2.26142573 -1.94050503 -2.79179907
-2.05746007  1.98326325 -2.87698293
-0.76343107  1.46242011 -3.6628952 
-1.6759429  -1.88866222 -3.14887524
-2.39328837 -1.83050299 -2.66705179
-2.85676885 -1.57646465 -2.41721892
-2.12936497  1.94413137 -2.79890442
-2.13839126  2.01592326 -2.867908  
-0.50319868  1.15979195 -3.82517242
-1.90524971 -1.86921954 -3.04127049
-1.70439458 -1.67426181 -3.22682667
-2.37618423 -1.74003899 -2.76266575
-2.27284145 -1.94380033 -2.80983806
-2.35124111 -1.72501624 -2.7463572 
-1.22712672  1.76962078 -3.50846338
-1.80015576 -1.94049537 -3.10601902
-1.74367559 -1.98999238 -3.06361723
-1.96154881  1.94387138 -2.90392876
-1.99400771  1.97988605 -2.91147661
-0.57502067  1.2765404  -3.78493261
-2.404706   -1.75992811 -2.78072095
-2.10859561 -1.76988006 -3.05811477
-1.76750851 -1.74616277 -3.26904249
-1.97426295 -1.90775704 -3.02631783
-0.49075174  1.09333766 -3.87265134
-1.21695185 -1.68532336 -3.55925727
-0.59498322  1.29116607 -3.8591547 
-2.86660242 -1.54137576 -2.42846847
-2.90000701 -1.53753042 -2.45417619
-2.91187811 -1.44223237 -2.39839602
-2.83483648 -1.4840008  -2.42653608
-2.40890765 -1.79518497 -2.79572773
-2.07603359 -1.73627555 -3.0042181 
-0.97240067 -1.51504123 -3.65855694
-1.27291429 -1.7115407  -3.40426421
-2.27167368 -2.02173734 -2.76983976
-1.88139248 -1.86761832 -3.01115632
-0.39609072  0.98364735 -3.97450995
-0.15284814  0.12645669 -4.00579977
-0.15040603  0.01683738 -4.00227928
-0.03075576  0.03603512 -4.08185863
-0.86110878 -1.07723665 -3.75548291
-0.58067274 -0.99790341 -3.92724872
-0.75045753 -1.14258289 -3.77242565
-0.09405571 -0.03561218 -4.11088896
-0.3556529  -0.60412014 -3.99295235
-0.79250216 -0.94398737 -3.93102503
-0.21942605 -0.59189755 -4.05096245
-0.32823732 -0.4590199  -4.08108091
-0.72342211 -1.15275133 -3.77194452
-0.69206464 -1.15657425 -3.80154395
-3.06156254  1.31429839 -2.31372094
-0.78674537 -1.2254653  -3.74281883
-0.71505123 -1.3662132  -3.7852509 
-0.74912012 -1.35149789 -3.78063965
-0.70561469 -1.38802218 -3.72432446
-0.7522099  -1.38692665 -3.72111821
-0.72546756 -1.40302539 -3.73061514
-0.75268775 -1.36865008 -3.69875216
-0.71940702 -1.39969134 -3.79666877
-0.73536438 -1.3497262  -3.71197104
-0.5097118  -1.15712953 -3.79840446
-0.13960229  0.17021848 -4.03622675
-0.08825474  0.12969467 -4.03540754
-0.09535849 -0.06795262 -4.11906576
-0.13239387  0.02375963 -4.11762667
-0.04658138 -0.23808552 -4.06391859
-0.05457712  0.2419942  -4.06537199
-0.14196582  0.10042589 -4.02139902
-0.0755091  -0.54944378 -4.01152515
-0.1313363   0.10948769 -4.11151457
-0.12908816  0.12236746 -4.11787891
-0.11341682  0.29806411 -4.02960539
-3.36486244  0.37644708 -2.21014071
-3.3546195   0.62987715 -2.19779158
-0.04138997  0.08501159 -4.04494905
-0.04087704  0.01435305 -4.06575727
-0.04512876 -0.28755352 -4.05466032
-0.10709798 -0.43754676 -4.07611799
-0.20212977 -0.59333473 -3.95611906
-0.1364554  -0.5369277  -3.97832727
-0.14517671 -0.50970995 -3.98674774
-0.15648682 -0.58113647 -3.99613285
-0.22416534 -0.64293122 -3.97498727
-0.1339584  -0.46190923 -3.97655416
-0.24138634 -0.74723262 -4.01195574
-0.3406502  -0.90591359 -3.90755916
-0.33671272 -0.87840402 -3.89569187
-0.1016286  -0.56278896 -4.0234375 
-0.03060583 -0.55423218 -4.03333807
-0.33152163 -0.87777138 -3.93116188
-0.13045274 -0.52786523 -4.06079483
-0.01952136  0.20317495 -4.10256958
-0.06223041  0.36880979 -4.08509398
-0.15630764  0.7167964  -4.02159023
-0.32723871 -0.91981506 -4.00451612