-0.12908816  0.12236746 -4.11787891
-0.11341682  0.29806411 -4.02960539
-3.36486244  0.37644708 -2.21014071
-3.3546195   0.62987715 -2.19779158
-0.04138997  0.08501159 -4.04494905
-0.04087704  0.01435305 -4.06575727
-0.04512876 -0.28755352 -4.05466032
-0.10709798 -0.43754676 -4.07611799
-0.20212977 -0.59333473 -3.95611906
-0.1364554  -0.5369277  -3.97832727
-0.14517671 -0.50970995 -3.98674774
-0.15648682 -0.58113647 -3.99613285
-0.22416534 -0.64293122 -3.97498727
-0.1339584  -0.46190923 -3.97655416
-0.24138634 -0.74723262 -4.01195574
-0.3406502  -0.90591359 -3.90755916
-0.33671272 -0.87840402 -3.89569187
-0.1016286  -0.56278896 -4.0234375 
-0.03060583 -0.55423218 -4.03333807
-0.33152163 -0.87777138 -3.93116188
-0.13045274 -0.52786523 -4.06079483
-0.01952136  0.20317495 -4.10256958
-0.06223041  0.36880979 -4.08509398
-0.15630764  0.7167964  -4.02159023
-0.32723871 -0.91981506 -4.00451612