-62.25334167 -29.49741364  -6.16517401
-34.45381546 -26.42450333   2.03282022
-16.69904518 -19.15317726  -5.0517292 
  1.21831775 -17.07563782 -12.88876534
-0.55117023  0.27469262 -3.95252943
 10.39846039  -6.67220449  -1.96912658
-91.2368927  -24.66637039   6.07629395
-73.45869446 -24.48584747   4.26605654
-31.25688744 -23.14924431   0.19279078
  1.83008587 -15.75819397  -6.80864143
-191.40457153  -47.41285706   46.68266678
-14.43389606  -6.84779739   0.35283542
-11.65870953  -2.33381009  -0.15698218
-18.36834335  -1.12523401   0.5557375 
-40.18764496   5.98164892   1.15136003
-48.3067894   11.77506447  -0.2979407 
-11.15795231   8.25464916  -1.60606003
-47.74590302  21.97436714   4.9168973 
 10.40483761  -6.57778406   0.69495368
 7.47896576  5.54526377  8.4623518 
 -0.48506263  15.38674641   7.51094913
 3.38159227  4.82868195  9.72976017
-16.74994087  17.91155624   3.7589407 
 -8.93089771 -18.01500702  -2.55198956
  2.69837666  11.44083881   7.85233831
  1.87619328  11.85132408   5.12192392
 -8.62482071  18.39558792   2.9182024 
 -6.73862553  15.48083305   0.8979243 
-10.23679543 -15.57562923  -3.94969606
-10.85190582 -19.22068405  -2.77891064
-12.31693935  18.21110535   5.4612155 
-10.05312252 -14.04885674  -2.94255567
-16.43987656 -15.90649128  -3.39092469
-52.34955215 -19.3042202   -3.7525239 
-12.79276085  14.08550549   0.0579065 
 -9.9862051   13.87617493  -0.81807315
-22.06530952  18.95109558   2.70380425
-13.62461472  18.74278259   5.61781693
-154.98344421    9.60479259   -7.65091038
-220.65075684  -42.42757797   46.94940948
-26.5178299   -6.22945356   5.89781666
 -4.19406462  13.68627834  -6.65424347
 -8.27590656  15.72621822  -0.1565076 
 -5.45796776  15.24927711  -5.13497448
 -8.30358791  15.58448792  -0.90807557
-12.07820988 -14.70665932  -4.59905863
-9.48598003 -9.97100925 -1.93699169
-22.2996788  -11.56751728   5.4269681 
-10.99647236  -8.21832275   0.0962696 
-85.00357819 -21.64582253   4.53993988
 -9.31657982 -18.25838661  -3.98160195
  2.84175968  12.58917332   1.67672491
  2.97264576  12.4955616    1.74702609
 -9.36108398  12.31532669  -1.28679335
-59.95711517  22.5552845    8.71533585
-13.11380959  13.97475052   0.21789169
-52.41919327  21.77769279   6.25507402
 -9.92931652  16.78434563  -1.48777759
 3.94143414  6.33879852 -9.0082407 
 -3.59430528  14.0365057   -6.58110094
-41.94007874  -3.81005144   4.22078323
-156.69845581   15.49420452   -8.99119663
-52.06246567 -19.12505341  -3.8600502 
-11.46876621  16.1257782   -2.59331059
-55.32774353  21.87805176   6.01651621
 -9.72739506 -14.17022896  -3.32007766
-32.91324615 -23.51534462  -1.02253413
-37.66846848  -3.40351605   6.17218065
-37.68776321  -5.91196918   6.61860132
-210.13293457  -41.19042206   45.48487473
-22.88803101 -12.22978973   1.98134506
 -4.85345125 -13.39203644  -6.98580265
 -8.204216   -17.13355637  -5.16619921
 -7.98274803 -15.33655834  -6.32893562
 -0.66746807 -16.03508377   0.4113901 
 -8.90833282 -18.43588066  -3.95288658
 -1.08011055  14.20788479   0.39840657
-2.22517252  2.48996329 -2.20592618
-12.54026031  14.16874981  -0.34264207
-64.3719635   22.68604851   8.78952026
-60.98822021  22.77918625   8.44842911
-10.43740654  13.65244293  -0.86054933
-52.88637543  21.76512337   6.28745985
 -2.88417745  13.42848015  -6.97629309
 -7.62787008  15.70863247  -0.10722055
  2.10910749  10.05320644  -8.23965645
  1.7339772   10.2534399   -8.77911186
  2.98101354  12.45863247  -0.98824996
 7.38701725  4.55902433 -6.83036327
-44.65651703 -16.8590107   -3.45617485
-10.14759827  13.64906979  -0.08181502
-11.06209183  16.18642807  -1.7993077 
 -8.72717667  16.32602119  -1.83485281
 -7.35946989  12.38902569   0.31501848
 -6.7098794   10.59691334   0.61963052
 -1.41524601  14.08737755   2.53710008
-11.6002636   16.13856506  -1.998209  
 -0.95540512  11.79785538  -8.39163113
  1.42641187  13.00660992   1.87806261
 -2.63927007  11.44625187  -9.44053841
-28.21529007 -23.12127113  -4.73531818
-208.4420929   -43.33866501   46.86273956
 -0.63881993 -10.79607964  -8.34851265
 -7.81229067 -17.11218834  -4.85650969
 -0.57533383 -12.15589905  -7.52313566
 -7.77521896 -15.4865551   -6.01753521
-13.73332119 -18.99183655  -3.35550618
 -0.39371315 -16.02943611   1.28411376
 -3.65531492  13.16166973  -7.65207243
 -0.23091565  13.7400074   -3.58237672
  3.6645143   11.74604321  -1.66462302
 -0.35932562  13.75909138  -3.42721438
-16.1581955   16.01058388   2.80679369
-98.84925842  26.71014977  13.42650986
-60.56145477  22.72292519   8.4780817 
-87.08638763  26.83763313  16.09774017
 -0.81135362  10.34278679  -9.59257603
 -3.94111776  13.17160892  -7.73981142
  0.10295105  11.88999271  -7.92855167
  2.76813459 -11.16475964  -6.10905218
 -0.48026684 -12.22258663  -7.45260954
-162.69949341   25.44966507   25.03180695
-58.54805374  22.41108704   8.65793896
-62.27262878 -18.31701279   4.28883886
-56.77996063 -19.64903069   1.82252073
-56.90497208 -19.66228485   2.05742383
-13.38815022  -8.38894176   0.87964845
 -3.39734864 -12.85124874  -7.16130972
 -0.97687978 -11.87074566  -7.73530054
 -0.14709958 -11.14443302  -7.9467063 
 -8.69071198 -15.77727985  -6.28205061
-13.62250137 -18.95473099  -3.53044438
-7.59141684  8.35141754  0.18963687
 -0.144473    13.71615601  -3.48056746
  0.02166954 -11.03820515  -7.92560005
  5.0317893  -11.34029388  -2.43491483
-81.44880676  23.88778496   9.70560741
-51.88182068  21.70549583   6.37481785
-25.90894508 -21.12700081  -4.82933187
-12.37630177 -16.04209709  -5.55585051
-22.09091759 -21.8103466   -3.36227179
  1.35894883 -11.76408005  -6.49813032
  0.46734345 -11.02613735  -7.72938395
 -2.40862703 -13.78800583  -5.89533138
 -6.42450285 -14.89370728  -6.2744894 
 -7.09895658 -10.31434917   0.8101306 
-10.36707401 -11.90987206  -1.51517463
 0.34373185  1.85653794 -3.52693391
  1.09612501 -11.85002995  -6.77200222
 4.76500082  8.92677402 -7.43885422
 5.22844315  8.58152771 -5.66347551
 6.90679216  5.78909302 -7.43198204
  2.37225986 -11.08790874  -6.11996603
 -6.69619942 -14.659091    -1.89428365
 -9.24070358 -15.76900578  -4.13461637
  1.36420059 -14.42169476  -1.95526576
 -0.33583039 -12.22325611  -7.41583538
 -1.95849419  10.48945618 -10.1388092 
  4.40739965  10.56232548  -6.18941355
 2.9387033   9.91940594 -7.41837263
  0.54898185  10.19733429  -9.09084702
-170.73190308    8.92250538   32.03068924
-174.37091064    6.62279558   31.62196541
-125.44660187    7.14256477   20.46218491
 6.94432259  1.19068229 -8.95788383
 7.8303647   2.32119608 -8.19664955
  3.77653027   0.89695007 -10.7921524 
 8.47438526  3.02706599 -6.96055984
 5.21145725  7.70181799  9.84078884
 -1.06338143  -6.07057953 -10.9116745 
  4.54694271 -12.59084034  -3.96540523
  4.40627956 -12.78527641  -3.44317365
  4.25445747  -2.33239532 -10.2942667 
 6.01691532 -1.10586333 -9.63013077
  4.26224041   0.27936774 -10.53952503
  4.23130941   0.22437808 -10.54709911
  4.09855795   0.7222293  -10.59897041
 9.77252007 -1.11897445  3.74079156
  3.90297198  11.22736931   7.12056255
-69.45573425  31.13605881   8.45056438
-67.13838196  27.49025154  10.37180996
-64.79024506  28.1905365   -0.62194324
 9.67179203 -3.58741903  4.35077715
  5.57704926   7.07717705  10.03947258
  3.4360137   12.088027     6.91228771
  1.5981431   -4.43772173 -11.69736958
  0.73535347  -2.07061172 -10.71267319
 -1.97908866  -7.78456116 -10.60769367
  4.81720018 -12.84113598  -2.43787956
  5.0144949  -12.68654251  -2.30690289
  6.26395559 -11.88163567  -1.32796383
  5.14398384 -12.71073055  -2.18250537
  5.15246391 -12.69102383  -1.92491293
  7.69694471 -10.05335808   0.45798996
-0.52043355 -8.84909725 -9.70835972
  7.62798882 -10.11986732   0.67875892
 -0.74658698 -15.9115963   -2.09799218
  7.60900974 -10.0272541    1.30150163
 -7.5976615  -19.28546906   1.08472288
  3.08813715 -14.08571911  -0.41760173
  2.79722857 -14.38576984  -1.3096025 
  1.44026935 -15.25251389  -0.8717711 
 -0.28278145 -15.93242168  -1.16551447
 9.79973221 -6.46267033  0.59652102
 9.75702763 -5.77036476  1.58301497
 8.73911476 -3.5778904   4.25999928
  3.87031817 -13.87863541  -0.67995   
  0.14655215 -15.97628975  -1.98170197
  0.14985596 -15.97648907  -2.34941173
 -0.06049522 -16.48360252   0.66310382
  0.44860899 -16.01638794  -1.68168318
  2.01771975 -14.93362713  -1.95655096
  3.0384419  -14.32374287  -1.82072592
  2.68669319 -14.53599548  -1.69593811
  2.33837461 -14.73074532  -1.66086125
  2.13539886 -14.94095802  -1.64027858
  5.31421995 -10.41566181  -6.76030779
  2.83032012 -14.4890995   -1.54706228
  4.3786211  -12.74511433  -3.85670137
  4.65085936 -10.42614269  -8.78991222
  3.38484478 -13.93009567  -1.91643023
  5.05200338 -10.13417435  -7.42988825
-11.66220093   6.99934769   0.8661474 
-13.71908569   7.04646921   2.35649061
-10.12039375   2.06796956   2.70695233
  4.44105005 -12.76447773  -3.48581076
 -9.0361824  -18.40899849  -3.30023599
-10.86592674 -19.1436367   -1.61162937
 -2.96746349 -16.49560928  -3.96873617
  3.98379636 -10.51653385  -6.64859772
  2.6984694  -10.07585144  -8.47066689
-93.76038361  35.02812195   1.54656363
-162.0716095    30.34925652   23.0431118 
-83.32346344  34.45431519   5.91172409
-104.47026062   34.34612274   13.4457922 
 -5.82674742 -10.78517342 -11.10839367
-1.50291288 -8.76121712 -9.74121571
 -4.02685261 -11.24894524  -9.47992229
-1.08168745 -8.93984127 -9.58502769
-1.49092662 -9.9327898  -9.53651714
 -4.23010874 -12.46284103  -8.7062273 
 -3.73177099 -12.6248436   -8.73731804
 -4.31568861 -12.38311672  -8.74894142
-0.84375077 -8.90841103 -9.59852791
 -4.03935909 -12.42683792  -8.90796375
  0.12481727  -7.29227924 -10.28599834
 -3.76377416 -12.7247715   -8.52289391
  4.29370213 -13.37758541  -1.9377811 
  3.9373529  -13.44250965  -2.50349259
-9.1486969  -8.40884972  1.92913365
-10.06113815  -7.85308266   1.67728984
-9.24296379 -6.31932259  3.26619053
-7.82861853 -3.72641087  1.93312931
-1.64403522 -1.98604751  3.05901861
  5.42968559 -10.39176941  -6.6662426 
  3.71450496 -14.20002937  -1.00162578
  3.60635114 -14.21388912  -1.24749303
 5.6211586   4.97947359 -9.86088943
  2.21883416   0.09533846 -10.62341499
 5.42509413  2.73756623 -9.80443478
  3.71311164  -0.90859157 -10.92430496
 5.53134108  4.57925177 -9.87252617
-11.03842258 -19.0311985   -0.07269143
  4.43299294 -12.74057102  -3.53868604
  3.5364356  -13.85526562  -2.03766108
 5.66228437 -8.8460331  -7.32059622
  4.62787056  -3.61456871 -10.29039288
 6.98113775 -7.67280006 -6.44145966
 7.32793665 -3.79571939 -7.17509127
 5.05631685 -9.51156616 -6.92710543
 4.12518311 -8.42213058 -9.01040554
 6.03600359 -8.47543049 -6.91079235
  0.9334048   -6.65978336 -10.96229839
 6.45637465 -8.10933113 -6.50249863
  0.65420723  -8.3513813  -10.41143703
 5.13892794 -9.98291779 -5.6837306 
 7.39683151 -2.85755467 -7.12965536
 7.28376865 -0.71338475 -8.41845036
 8.47433662  0.23857401 -6.4869051 
 4.3794632   7.45240831 -9.55099392
-44.90079498   2.05897784   8.34891701
-13.6697607  -19.12489128  -0.4693132 
 -4.30482435 -14.64650726  -7.86951113
-25.97817039 -22.09409332   1.01117253
 -6.95252275 -17.24159813  -3.6780076 
-14.26602173 -19.13209343  -1.28044498
 10.1422205    0.84228277   3.39475131
  2.54358196  -3.19777369 -11.07224846
 9.76836395 -3.52201176  3.73888302
  2.94687486  -3.04244208 -10.95497417
 9.95513058 -3.97974372  3.30149794
 10.53289223  -1.92750525   1.89399707
-24.17863846 -21.61400986   0.55107093
-13.94654655  15.96794987   5.90244007
-132.84094238   18.90558052   23.77724457
 0.63409114  1.66512632  3.58147955
-69.46556854  16.09779358  11.54948616
-62.0822258   14.92275333  10.28594303
-48.33679962   9.53650093   9.03223896
-13.30796337   1.1963253    2.01446748
-203.91996765   10.90777302   47.35489273
-17.6510582    2.93067193   2.67606497
-15.03564167   4.0182476    2.47783566
-15.4537487    3.66952658   3.71011281
  2.6623261  -14.46349049  -3.31581306
 -5.97774029 -17.55790138  -9.72731686
 -6.01435566 -16.02433014 -11.56778145
 -7.41448402 -19.6744709   -7.34286547
-13.44223595 -20.32654762  -6.76081657
-14.36340141 -20.33767509  -7.1895113 
  5.68476152   2.14101768 -10.20014954
  3.6890564    0.78294331 -10.86590195
-10.0430212  -19.41779137   0.7065208 
  3.82827783  -1.23947966 -10.83891773
 5.91734171  4.3715601  -9.24212551
 -6.98197079 -17.22806358  -3.95946312
 -5.06280661 -15.68343067  -7.16450882
 -8.65038872 -18.21763992  -3.21769905
  1.79835057  -5.64799213 -11.41959381
-12.18343353 -19.11274338  -0.22429731
  2.43606472  -1.70893967 -10.40544796
 -5.28321075 -16.2504425   -6.82806158
 -5.14200544 -16.21198463  -7.08724451
 -2.17554355 -12.10052395 -10.25912762
  2.5268209   -4.65876245 -11.2462883 
 10.23543453   4.66857004   1.2957679 
-14.08990383 -19.14665985  -0.85165995
  2.35070109  -5.68205261 -11.31484985
 9.68096352  0.67607719  4.34952593
 7.37936592  9.83320427 -6.37584209
 10.58334637   3.46529961   1.38023281
 10.0647049    1.00220394   3.7472558 
 7.3139472   4.79601288  5.72653341
 8.19614315  5.08264637  5.406003  
 10.01131344  -5.29214525  -4.42005777
-10.47866726 -19.36383247   0.62294888
  3.74396873  -3.97712088 -10.84551716
  2.90287662  -2.89377427 -11.01696682
  3.36579084  -4.32155609 -10.91708851
 10.83173847  -2.04975748   1.28792417
 10.86223125  -1.91826129   1.24599349
 10.87076092  -1.89378691   1.22714841
 9.98483753 -4.56912851  3.28337383
  1.37502658  -6.50632238 -10.96341515
 10.74776268  -3.68566823   1.67643404
 -5.21030951 -16.15828133  -7.03434515
 -7.68678331 -17.82972908  -3.21556664
 -5.36325693 -16.22623062  -6.50446796
-13.34662056 -19.13527679  -0.53241587
 -6.85056257 -17.22499847  -3.58598208
 -1.62560451 -11.18884182 -10.44629669
-10.57090664 -19.08645821  -0.33000413
-13.23711777 -19.55596542   0.34921521
-10.72322178 -19.39578819   0.61819816
 -4.67195559 -14.63374519  -8.28827858
  2.02792001  -2.02339983 -10.51403713
 9.47319794  1.07743108  4.86109591
 10.19023418   0.73028326   3.38937163
-11.47933102 -19.37025452   0.62291247
 9.539114    1.37882757  4.79862309
 10.00030231   0.5831753    3.74848461
 10.46004295   3.0373311    1.61445248
 9.92343712  1.13633013  3.78013825
 9.95037079  1.17983139  3.75410676
 9.50570011  0.62616301  4.4877162 
 9.54934978  0.76864588  4.44183493
 9.53205872  0.93872178  4.45017147
 9.77707577  2.80101609  4.12380028
 9.7257719   3.70663953  2.8746953 
 9.97414875  3.95110011  2.26028776
 9.81791878  3.55005002  2.84484243
 9.37524509  0.93590117  4.63309097
 9.54094887  1.28846121  4.25059652
 9.24576092  0.73760921  4.7962203 
 9.3940382   1.39421201  4.4216466 
 8.74392605 -8.64207077 -0.14337698
  7.72909927 -10.09060383   1.05881286
  2.06524801  -5.70481586 -11.29729939
  3.03009486  -2.55792236 -11.05905819
  1.9404304   -6.20757771 -11.00713539
  1.80207539  -7.5177021  -10.68146706
  0.95246208  -6.99170732 -10.70167637
 9.71758747 -7.20396376 -1.18085039
  0.91907722  -6.86414766 -10.78921127
 5.65531349 -5.12398338 -9.38951778
  3.7816689   -1.55571711 -10.81541252
  4.15999794  -2.83041883 -10.2364397 
 9.17576981 -7.80788469 -2.22131109
  0.87462074  -6.83564901 -10.84544086
  1.4047879   -6.56606674 -10.90769386
 4.84628105 -5.86953211 -9.72087574
 7.40726519 -7.10374451 -6.88484573
  2.71327925  -6.00220633 -10.7489872 
  9.73661900e+00  -6.49538040e+00  -4.49010730e-03
  3.0844276   -5.70848036 -10.67289925
 9.69819736 -6.51242352  0.76341486
 9.4439249  -7.0881319  -0.63735485
  4.20779943  -5.22704077 -10.2491169 
 5.8587842  -4.48899317 -8.80416584
  7.5954504  -10.15643311  -0.19409445
 9.90977955 -5.29934168  2.16713953
 6.83544254 -3.87961769 -8.21389389
 9.83804321 -4.87245321  2.67886376
  7.60604811 -10.27454948   1.03113413
  6.08143139 -11.70374203  -1.14322329
 8.15843582 -9.44737625 -1.11736953
 8.94890881 -8.21528149 -1.22077966
 7.88448668 -9.87640953  0.10592606
 8.39178753 -9.038311   -0.5005427 
 9.64615154 -6.70107079 -3.06268525
  7.04361868 -10.73087311  -0.43909824
  6.56993103 -11.36713505  -0.56076258
  6.69123793 -11.14911747  -0.92440516
 -2.75246572 -16.05462265  -4.35875797
 7.7959547  -9.66571712 -0.10195383
  6.45301867 -11.34730339  -0.48546267
 -7.03631783 -17.21963882  -4.00741291
 5.64172983 -1.89936042 -9.94324875
  3.06194568  -4.33840752 -11.11419678
  0.95779574  -9.28445148 -10.92399597
 -6.82889318 -17.21702385  -3.601897  
  2.95087123  -2.9228301  -10.99276066
 5.22551966 -4.95192623 -9.26854992
 5.54650831 -4.36804199 -9.47361279
 8.58967876 -5.70080376 -5.77496767
 6.39899015 -6.72800636 -8.55608654
  3.5074904   -5.48203421 -10.51742935
 5.3051796  -5.93507051 -9.25981808
 2.97324562 -0.60499275  2.60656905
 5.13063622 -6.00681877 -9.37819386
 7.60002995 -6.85078192 -6.48255205
 5.13226032 -5.01910543 -9.34303761
 4.87593317 -4.84405994 -9.72489452
 9.85406303 -5.28255463 -2.07089782
  2.49269605  -3.04792857 -11.12613106
  2.6736083   -3.27580571 -10.99612141
  4.2183094   -0.53850615 -10.5798521 
  2.04054642  -3.0638895  -11.29009533
  3.15840578  -5.07120371 -11.16576672
 10.36398029   3.7415247    1.77678764
 9.78398418  0.59333777  4.24119139
 9.65337086  0.57247972  4.36777878
 9.66870785  0.95655262  4.35790014
 10.29523373   3.63481951   2.16260123
 9.17378807  0.80836916  5.01371622
 7.51042318  6.86516428 -5.31605434
 7.57519245  7.1303215   4.80750132
  6.94177628  10.616539     1.18116748
 7.74381876  5.45907974  5.8742938 
 7.7385006   5.72547436  5.69309711
  7.06456995  10.47101402   1.41538072
  5.45250702   3.18750143 -10.14660549
 8.96669197  4.87267637  4.15129137
 5.00712156  5.57253599 -9.81643009
 8.81323433  2.86681056  5.14315462
 9.20558834  6.05692244  2.95764327
  6.78728485  10.68046761   1.63631296
 7.3605628   7.5961628   4.80001211
 -7.94768143 -18.02662468  -3.12901402
 7.45385885  6.51017094  5.47014189
 11.00071812   0.20246731   2.11455512
 10.64681911  -0.98229772   3.3514142 
 10.88179779  -0.0234096    2.52335286
 10.6506443    0.20535469   3.15228367
 10.90861034   1.25401247   2.56488538
 10.80436707   0.21297327   2.72870851
 9.26471615  7.15656996 -6.35502625
 10.81027412   0.10229579   2.69378519
 11.13774109   2.59818769   1.34017992
 11.06311131   2.08379841   1.76405656
 10.90395546   1.10655177   2.55461073
 11.0289278    0.10365373   2.09616089
 10.66664791  -1.24016714   3.34906793
 11.1870203   -0.34750235   2.03950953
 9.08496857  2.72021103  5.08778334
 8.76026535  1.13928151  5.46443081
 9.03358746  2.68001175  5.14980698
 8.92201328  1.92324054  5.05751324
 9.53295708  6.11348057  2.07845283
 9.07022285  2.96627212  4.5220685 
 8.79115677  2.14683509  5.10126972
  6.94229984  10.42995548   1.62710857
 7.6235795   6.70792913  5.16846228
 3.83053541  9.62563896 -8.10643578
  6.89984274  10.72719383   1.17130363
 7.44911051  6.65638351  5.43381357
 7.44729042  6.60187387  5.43422604
 7.3736825   7.21692562  4.98751974
 7.38110638  7.32267666  4.90711641
 7.08141804  6.98145676 -6.14266014
 7.29353428  7.16592884 -5.64879894
 7.27822638  5.69175148  6.93552685
 7.24943352  5.58472824  7.06044149
 11.54742146   1.99085844  -0.42476004
 11.37772465   2.58758616  -0.4421429 
 11.41964722   2.0650866   -0.02311776
 10.39989853   6.00524998  -4.53807068
  2.27778125  -7.4329648  -10.49717712
  2.82662439  -6.02516842 -10.63183689
 -3.7699914  -13.57428169  -8.85399437
  3.16337848  -5.66813946 -10.66058731
  2.27492499  -6.26797295 -10.7448225 
 -3.77036095 -13.56890774  -8.86129284
 -1.83868754 -13.24454308  -8.32878113
 -7.35102367 -17.2937851   -4.4309473 
 -5.24352646 -16.67034149  -4.81209183
  0.91039091  -6.94079018 -10.76691246
 11.66374779   2.78101873  -1.86881566
 11.47356606   3.63951087  -3.28728819
 9.95598698 -5.76103163  1.80679095
 10.78522682   5.11530638  -3.71984267
 9.4988308   6.08510733 -6.65329313
 9.63658428  6.87144709 -5.90783739
 11.32676315   2.35409474   0.42476645
 10.80648041   0.44717148   2.96163511
 10.15086937   6.4152832   -4.90862894
 11.12734985   2.95185924   1.43113697
 11.07984352   2.19180012   1.74630666
 9.32020187  7.09682178 -6.35097599
 11.18980885   2.5741725    1.19079399
 9.91988373  6.64142895 -5.42798281
 11.17434216   2.5554657    0.93106204
 7.60934496  7.12625027 -5.16747475
 7.32737827  6.63864994 -5.81293678
 7.35147905  6.59846497 -5.74136066
 6.5949254   7.19804907 -6.60156822
 7.28182602  7.18342495 -5.70342684
 6.48783588  7.41007853 -6.27582979
 4.37322664  9.91891003 -6.58648872
 -7.31799126 -17.26109695  -4.45061016
  0.90900457  -6.63682079 -10.99523258
  1.75602472  -6.54063797 -10.79444981
  0.49604678  -7.86623907 -10.7239275 
 -3.86508584 -15.98711205  -6.25380087
 -5.27209663 -16.67009926  -4.76759243
 -9.84491634 -19.42062759   0.74157304
 8.42724991 -9.61013222 -3.32138419
 8.77535629 -9.23433781 -3.21539044
 8.62024307 -9.38162231 -3.37184548
  8.08178234 -10.61516094  -2.39159989
  7.31811428  -3.74087739 -10.82270813
 9.29502773 -8.26949978 -3.00374579
 9.57451153 -7.60448551 -3.55154228
 9.26409626 -8.33918285 -3.02620816
 9.50443172 -7.2817111  -4.384583  
 9.70523262 -6.23325014 -5.53410864
 9.74166107 -6.77808619 -4.59464979
 9.54498291 -7.45628643 -3.93643951
  0.01941036 -16.40425682  -2.70566821
  1.50111818 -13.95872879  -6.42109442
 9.20675278 -5.45340157 -8.03740215
 8.92265224 -9.18080616 -2.94511938
 8.96350098 -8.68788624 -3.86481261
 8.89133739 -9.23495007 -2.83477306
 9.29056263 -5.34430647 -8.10922813
 9.38445473 -8.02684689 -3.95232058
 9.17929173 -8.0456686  -4.36878395
 9.18535614 -8.54977894 -3.43514323