-1.40366077 -2.58328605 -2.85882258
-1.30365133  2.46371746 -2.88391209
-1.20739436  1.79789424 -3.44295001
-1.50409424  1.95497537 -3.29910135
-1.51304412 -1.91179585 -3.23961115
-1.96535373  2.02154684 -2.96395826
-1.40432334  2.03802443 -3.25463724
-0.72750026  1.44800723 -3.73443007
-1.66311216  2.04028702 -3.05496001
-1.47158325  1.90231133 -3.27752733
-1.42617452  2.03512597 -3.23912692
-1.50861835  1.94991159 -3.29460669
-1.0526185  -1.87805045 -3.4708569 
-1.3443222  -2.17070651 -3.22148895
-0.65357345  2.06740236 -3.44256234
-0.17126274  2.08550119 -3.49562144
-1.17840993  2.08279204 -3.26684332
-0.86900091  1.7848165  -3.58722568
-0.85604954  1.76024306 -3.56972313
-0.86146575  1.78953278 -3.58969498
-0.98076111  1.64166903 -3.59271693
-0.10726281  0.95009369 -3.91632199
-1.97822094  3.03269219 -1.79260099
-2.62763309  2.24433517 -2.03949356
-2.13224506  2.30823851 -2.65928292
-2.22580433  2.10271168 -2.72748399
-2.06615162  2.36086822 -2.66438675
-2.01571083  2.2683537  -2.61600256
-2.2004993   2.14244056 -2.739887  
-2.05335355  2.32975531 -2.63642454
-1.09721684 -1.66893864 -3.50750828
-1.04115927 -1.61596322 -3.58787704
-1.52784967 -1.97033978 -3.18820405
-1.00486422 -1.81447959 -3.46748161
-1.29695427 -1.98790765 -3.34407997
-1.84723508 -2.09800434 -2.8849504 
-0.22169104  1.54287457 -3.76465917
-0.62135971  1.78857934 -3.53224897
-0.56294435  2.01545811 -3.47510099
-0.51255858  1.8216393  -3.57970309
-0.30521658  1.89365137 -3.54289174
-0.07833198  1.50676084 -3.72614503
-1.1762228   2.08713341 -3.25723505
-1.20870733  1.95542371 -3.40218282
-1.24418163  1.93178928 -3.350734  
-1.20436954  2.07116508 -3.21149516
-0.91473341  1.76493263 -3.49784231
-1.20970845  2.07511687 -3.22852468
-2.22517252  2.48996329 -2.20592618
-2.21299791  2.51375318 -2.22292137
-2.70094705  1.98957479 -2.1851995 
-2.21674848  2.56060958 -2.24080825
-2.69547391  2.23812771 -1.95559347
-2.15880156  2.72531891 -2.15217829
-2.18300557  2.71279144 -2.11865616
-2.21853495  2.68839478 -2.05242491
-2.700418    2.73768902 -1.31726789
-1.70210838  2.06146383 -3.04878116
-1.4689548   1.88529086 -3.23855758
 1.37081587  2.49585938 -2.90200472
-0.38580352  1.19105673 -3.8329792 
-0.32325575  0.98648018 -3.87452793
-0.71545535  1.72443712 -3.55707002
 0.66299284  2.01911616 -3.40957308
 0.30796099  1.87884939 -3.58329773
 0.20150897  0.62607032 -3.95047903
 0.16392744  0.69715583 -3.97179437
-2.04528284  1.96102417 -2.83136964
-1.24335623  1.78917372 -3.4874866 
-1.05815554  1.68508101 -3.52923703
-2.21408486  2.06562877 -2.78887463
-2.4440248   1.9693507  -2.50088358
-1.93334568  2.04168868 -2.94446802
-2.17855239  2.02763677 -2.75582194
-1.6494993   1.9982307  -3.14064407
-1.44445682  1.92769396 -3.22536898
-1.66439676  2.02396631 -3.16037154
-1.91688859  2.18917227 -2.87011909
-1.2628516   1.78403461 -3.45909166
-0.45633334  1.14574993 -3.84121251
-1.05851531  1.8835851  -3.48394704
-2.5342443   2.72687936 -1.60414839
 1.80066621  2.96999049 -2.01952839
 0.90001303  2.06715512 -3.39440727
 0.83436316  2.06002378 -3.40774059
 0.77735305  2.0611217  -3.43169045
 0.72360855  2.06701827 -3.46059346
 0.55183005  2.6253829  -3.08837962
-0.76737213 -1.5757972  -3.68759537
 0.30184036 -1.65496981 -3.71329236
-1.23149669 -1.9734937  -3.32700491
-0.81522214 -1.66111004 -3.65842772
-1.91185582 -3.39367509 -1.22487068
-2.00422788 -3.15061426 -1.52128315
-2.10851502 -3.0363946  -1.70459604
-1.05579937 -1.61695504 -3.54240108
-1.26067829 -1.94738281 -3.27719617
-1.28071308 -2.02370358 -3.31539202
 0.20503834 -1.68464339 -3.69000006
-0.96895957 -1.81628084 -3.55586314
 1.67918038  2.01298332 -3.10614896
-0.56875694  1.24940324 -3.84273171
-0.93853754  1.8380959  -3.51111841
-0.90917206  1.80455101 -3.57321525
-1.17640328  1.93162096 -3.42642307
-1.14370716  1.93642986 -3.40209436
-0.58383709  1.72865653 -3.66473579
-0.93148422  1.77447712 -3.48890519
-2.32330394  2.50510883 -2.28773427
-1.24832022  1.92253923 -3.29327011
-1.27394688  2.13661027 -3.20005131
-0.90890098  1.77255869 -3.49342489
-1.22501624  2.16461754 -3.2593503 
-0.87547201  1.7906599  -3.54018497
 0.77447122  1.9015907  -3.46177363
 0.78361475  1.86345112 -3.4721868 
 0.1989615   1.55754256 -3.71233487
 0.06260372  1.92141163 -3.5724709 
-0.41810274  1.04396749 -3.8607161 
-0.50767767  1.25757635 -3.79639077
-0.55793309 -1.58215749 -3.75160813
-0.81894124 -1.68363833 -3.66349006
-1.75729847 -3.39990616 -1.30111408
-0.47969216 -1.68421853 -3.63162518
-0.22156766 -2.00104213 -3.59088206
-0.04736521 -1.66968298 -3.69899559
-0.12383368 -1.71762419 -3.71681213
-0.9924323  -1.65555263 -3.59770751
-0.79631186 -1.60168064 -3.67667198
-1.19291592 -1.96687567 -3.29474998
-1.11557007 -2.07606769 -3.34631968
-0.79071528 -1.67043853 -3.65968132
-1.35070622 -2.03053784 -3.28841949
-0.99646914 -1.58675063 -3.62261081
-1.42883241 -2.0153966  -3.21603584
-1.4810164  -2.01249075 -3.17613792
-2.43311167 -2.14224768 -2.37124705
-2.1339035  -2.47761822 -2.40140724
-0.397131   -1.72307718 -3.7063396 
-0.69877148 -2.13489962 -3.38327551
-0.63646829 -1.87233853 -3.51995182
-0.21586199 -1.71948624 -3.68134117
 0.75992888 -1.86718106 -3.47285199
 1.19525862 -1.43146026 -3.60749674
 1.19923151 -1.25748086 -3.66828799
-1.1983285  -1.80692029 -3.44922686
-0.91690993 -1.72063029 -3.5352931 
 1.52824581 -0.24777877 -3.70340395
 0.25959387  1.88076174 -3.61696911
 0.4144772   1.37017429 -3.85231733
-2.7784009   1.78584504 -2.27745986
-2.46505499  2.01530051 -2.46248341
-2.41264105  2.39416385 -2.30471015
-0.88885558  1.78977406 -3.56111002
-1.25042021  2.13305426 -3.24831033
-0.9081471   1.76864302 -3.50835538
 0.29636765  1.71202612 -3.72010136
 0.27753758  1.66397536 -3.74940944
 1.80453444  0.78477216 -3.58078456
 0.96102202  1.57774282 -3.56065202
-0.77296102 -1.61998713 -3.58774734
 0.13357687 -1.69023132 -3.74845123
-0.54744077 -1.59249079 -3.70316219
-0.79460216 -1.95842254 -3.40885806
-0.66867709 -1.63119411 -3.71528745
-1.01427507 -2.07005095 -3.36152744
-0.72037798 -1.61840641 -3.64671731
-0.93943185 -1.68536925 -3.61791396
 0.08097269 -2.11571193 -3.41550183
 0.55543727 -1.52642822 -3.72433734
 0.64436746 -2.0308075  -3.47388792
 0.49747568 -1.86048245 -3.61572552
 0.76173079 -1.50255775 -3.74491358
 2.52161026 -1.31601417 -2.8980329 
-1.07820964 -1.63688111 -3.51327229
-1.3221966  -1.95501721 -3.24152231
-1.32725585 -2.07334042 -3.28914952
-2.47237158 -1.99815834 -2.44165874
-2.61120296 -2.0035708  -2.38578606
-2.53659534 -2.27476001 -2.24538445
-2.03046155 -2.59723306 -2.31599021
-2.20824862 -2.64152932 -2.06639767
-2.44011378 -2.5949564  -1.87302947
-2.04398823 -2.83455706 -2.120507  
 0.41731128  1.89832449 -3.536865  
 0.34373185  1.85653794 -3.52693391
 1.39334369 -1.12632668 -3.5864203 
 0.89152187 -1.43038678 -3.75027966
 2.31656122 -1.92320836 -2.7141459 
 1.35834908 -1.4470607  -3.57827568
-1.10869932 -2.02338171 -3.40147781
-0.9954986  -1.63711715 -3.53872538
-0.67480046 -1.59326255 -3.6971128 
-1.17201126 -2.00944281 -3.27019429
-0.88365871 -1.73094046 -3.5389688 
 0.90082097 -1.3614589  -3.73428345
 1.53425288 -0.31792021 -3.69660258
 1.57665479 -0.66936547 -3.64556813
-0.19181934  0.99495006 -3.8922019 
-0.12329441  1.34956288 -3.84032536
 0.05704603  0.68323088 -4.05294085
-0.60921597 -1.62042177 -3.63627648
-0.93796098 -1.80891252 -3.50772834
-0.5687235  -1.69683909 -3.70540786
-0.8210327  -1.87020457 -3.53569221
-1.45690274 -1.90395987 -3.2145505 
-1.38995957 -1.84556222 -3.3072443 
-1.68456829 -2.09683824 -3.06252909
-1.98058641 -2.12507224 -2.77727365
-1.3291173  -1.92191374 -3.3929503 
-1.06292343 -1.80626404 -3.42999983
-0.83734149 -1.65428209 -3.5920918 
-1.13456857 -1.78366828 -3.49619317
-0.81057709 -1.69091618 -3.66880846
-0.075296   -1.6228205  -3.66100216
 0.60664016 -1.41764545 -3.74777603
 0.76631236 -1.4234041  -3.71755695
 0.57202077 -1.5052259  -3.77331924
 0.88719726 -1.28349233 -3.76835132
-0.25896445  1.09167826 -3.93937349
-0.35035357  1.26789582 -3.82071924
-0.45516983  1.19626725 -3.85332656
-3.70416856  0.43014058 -1.54689789
-3.56808686  0.55478895 -1.7593919 
-3.96086812  0.44683686 -0.95264012
-3.88365936  0.8355372  -0.84075087
-3.95482421  0.69552064 -0.15776861
-3.70480919  0.58220965 -1.41180038
-3.94093752  0.77968121 -0.16915482
-3.5988338   1.25008988 -1.29578841
-3.7532289   1.18350768 -1.0612036 
 0.10657211  0.05505309 -4.03169727
 0.05454008  0.15113868 -4.02450228
 0.1350791   0.27576119 -4.09181023
-0.02210288 -0.47224492 -4.00602341
 0.08987899 -0.27634466 -4.0086236 
 0.01638281 -0.0534625  -4.06656694
 0.02366465 -0.06253665 -4.10222673
-0.00549679  0.0184799  -4.05004168
-0.63121605 -1.38077593 -3.81461167
-3.42567062  0.51385599 -2.07107663
-3.13768029  1.18113458 -2.24453139
-3.37646604  0.93772227 -2.12582159
-3.52872205  0.52604175 -2.01673484
-3.5238905   0.38462335 -1.87279987
-3.46599174  1.0643177  -1.75232947
-3.4686029   1.08394861 -1.87742209
-0.39979929 -1.27301931 -3.8519361 
-0.40129083 -1.14896667 -3.81433702
-0.69846636 -1.3786453  -3.70017052
-0.68320054 -1.37172782 -3.70481539
-0.75229168 -1.43488204 -3.74155068
-2.88502932 -1.63148189 -2.25531745
-2.90778971 -1.60661054 -2.28973651
-2.99695253 -1.64164972 -2.13480353
-3.18186998 -1.322631   -2.09775424
-3.12936878 -1.50132251 -2.19077396
-3.05581665 -1.70332384 -2.06750917
-3.82593465 -1.38028932 -0.2675553 
-3.71463156 -1.55558431  0.18141869
-3.22902036 -2.46925092  0.0788791 
-3.49811435 -1.18232834 -1.70887172
-3.39346671 -1.36737275 -1.78717494
-3.18029714 -1.53670919 -1.91098619
-3.13493872 -1.80651069 -1.93290973
-3.58441305 -1.14706087 -1.51187289
-3.59868503 -1.18715262 -1.5945102 
-3.63149571 -1.2430414  -1.31159341
-3.6971097  -1.35171115 -1.0061866 
-3.73354816 -1.27472329 -1.08543694
-3.4393189  -2.06942868 -0.7499215 
 0.04746998  0.29882047 -4.04796124
-0.25398088 -0.94791508 -3.95349574
-0.18127561 -0.98251718 -3.9616313 
 0.19044994 -0.72640431 -4.01627779
-0.31305125 -1.1493479  -3.89634657
-0.27265728 -0.96141744 -3.9406383 
-0.24642695 -1.03375494 -3.8795259 
-0.31252226 -0.85895336 -3.99664068
-0.20906752 -1.0744276  -3.89389801
-0.35749578 -0.97076416 -3.92105436
-0.3605397  -1.3318063  -3.82614231
-0.14910285 -1.35966134 -3.86707425
 0.28190735 -0.61605477 -3.98972511
 0.2066882  -0.23561999 -4.03914356
 0.39685947 -0.76743716 -3.94599891
 0.04188194 -1.09836185 -3.91666532
-0.01679028 -1.1071856  -3.89138579
-0.13170844 -1.17571986 -3.88363528
-0.03887766 -1.32658994 -3.82630348
 0.48231298 -0.52873367 -4.02046824
 0.39518631 -0.08665476 -4.0822978 
-0.16420902 -0.55717587 -4.05457544
-0.1314244  -0.54784745 -4.06932449
-3.43374896  0.16545016 -2.12890601
-3.43094969  0.45175761 -2.1379602 
 0.01958467  0.46047908 -4.06344986
-0.23661435 -0.64599013 -3.95416999
-0.20886201 -0.59144241 -3.98579502
-0.28996372 -0.80137843 -3.93726563
-0.16944435 -0.47791395 -4.02806473
-0.26823503 -0.78268641 -3.94203448
-0.05341809 -0.33702365 -4.0489049 
-0.29450303 -0.8113628  -3.92235303
-0.13922244 -0.65580922 -4.05946016
-0.17117286 -0.72976965 -3.93304205
-0.21025993 -0.72155523 -4.02651358
-0.20174664 -0.67945409 -3.96566844
-0.14880562 -0.62376541 -4.00024033
-0.01121179 -0.73981798 -3.98513341
 0.0454476  -0.63547081 -4.02429867
 0.03723778 -0.37770998 -4.0566268 
-0.15574473 -0.58056742 -4.07702351
-0.07768938 -0.78140879 -4.00417852
-0.08215611 -0.75873339 -3.97122335
-0.05314291 -0.60995001 -4.06630659
-0.01819233 -0.81933635 -4.01607847
-0.15186559 -0.67040342 -4.0286684 
-0.18235545 -0.66567022 -3.97575927
-0.03494192 -0.84650075 -3.96145272
-0.1375038  -0.73934984 -3.98891187
-0.06875564 -0.91386974 -3.9747386 
-0.08443734 -0.92643172 -3.97866178
-0.14876932 -0.72950166 -3.97798038
-0.13114855 -0.86986142 -3.96896958
-0.09395199 -0.75461745 -3.96504307
-0.09938695 -0.68789482 -4.02691841
-0.03032283 -0.81805366 -4.00714397
-0.17731257 -0.51848692 -3.96502137
-0.15495308 -0.57574177 -4.07078552
 0.00642137 -0.18666108 -4.05843782
-0.20564012 -0.51502329 -3.96570086
-0.16876177 -0.53749073 -4.06252861
 0.04527439  0.87480724 -3.93998146
  3.45274806e-03   9.58290458e-01  -3.94386196e+00
 0.02104813  0.86105996 -4.01355696
-0.00853381  0.84099209 -3.91716862
-0.26150951 -0.78368318 -3.92441034
-0.22154643 -0.7276144  -3.95232701
-0.19313383 -0.67805839 -3.99842167
-0.24946947 -0.76253587 -3.93113875
 0.05442765  0.87516028 -3.94713902
  3.08860093e-03   9.51197505e-01  -3.93500400e+00
 0.02428676  0.86433089 -4.02151918
 0.0746818   0.8773936  -4.01106644
 0.02964036  0.95672464 -3.95576811
 0.06190391  0.85682905 -3.92392468
-0.02480484  0.87057996 -3.91848564
 0.00478083  0.85740077 -3.99997354
-0.01498638  0.97045171 -3.93352509
-0.26111037  1.10175896 -3.84971309
-0.31167835 -0.85599649 -4.00300026
-0.28147244 -0.8117699  -3.92186689
-0.33525932 -0.8704257  -3.89766741
